-0.21314454 0.49056473 1.42100012 0.000000
-0.21508576 0.49893358 1.43400002 0.000000
-0.21428992 0.50231135 1.45500004 0.000000
-0.21619561 0.51077199 1.46800005 0.000000
-0.21466312 0.51669586 1.48500001 0.000000
-0.18837407 0.46746799 1.35400009 0.000000
-0.17829876 0.44417787 1.30700004 0.000000
-0.17897256 0.44942617 1.31200004 0.000000
-0.17937368 0.45401123 1.31500006 0.000000
-0.18236662 0.46522406 1.33700001 0.000000
-0.17300765 0.43976811 1.29400003 0.000000
-0.17273214 0.44258320 1.29200006 0.000000
-0.17259054 0.44573292 1.29100001 0.000000
-0.16777904 0.43882298 1.28100002 0.000000
-0.16619964 0.43814483 1.26900005 0.000000
-0.16198784 0.43266463 1.26300001 0.000000
-0.16198023 0.43608072 1.26300001 0.000000
-0.15929969 0.43815991 1.26900005 0.000000
-0.15916677 0.44124427 1.26800001 0.000000
-0.15634073 0.43954849 1.27300000 0.000000
-0.15412287 0.43672767 1.25500011 0.000000
-0.15558946 0.44433057 1.26700008 0.000000
-0.15011024 0.43499482 1.25000000 0.000000
-0.14530307 0.43082577 1.23800004 0.000000
-0.14905190 0.44539654 1.27000010 0.000000
-0.14079031 0.42735258 1.22800004 0.000000
-0.14101295 0.43137494 1.23000002 0.000000
-0.13408679 0.42015857 1.19800007 0.000000
-0.13385670 0.42269158 1.19600010 0.000000
-0.12897263 0.41420260 1.18100011 0.000000
-0.12885734 0.41704285 1.18000007 0.000000
-0.12469620 0.41070142 1.17100000 0.000000
-0.12522267 0.41563505 1.17600000 0.000000
-0.12243976 0.41705468 1.18000007 0.000000
-0.12326408 0.42309475 1.18800008 0.000000
-0.11882661 0.41564664 1.17600000 0.000000
-0.11892202 0.41918281 1.17700005 0.000000
-0.11503296 0.41669530 1.17000008 0.000000
-0.11032146 0.41100216 1.15400004 0.000000
-0.10523248 0.40352800 1.13300002 0.000000
-0.10606337 0.40982130 1.14200008 0.000000
-0.10052811 0.39712206 1.11500001 0.000000
-0.10124455 0.40300769 1.12300003 0.000000
-0.09592155 0.39071584 1.09700000 0.000000
-0.09661641 0.39655271 1.10500002 0.000000
-0.09302249 0.39107668 1.09800005 0.000000
-0.09284855 0.39332741 1.09600008 0.000000
-0.08953951 0.39189631 1.09200001 0.000000
-0.08784201 0.39464745 1.10800004 0.000000
-0.08728274 0.39513052 1.10100007 0.000000
-0.08766074 0.40783063 1.14500010 0.000000
-0.08451759 0.39621139 1.10400009 0.000000
-0.08107149 0.39406213 1.09800005 0.000000
-0.07765797 0.39191270 1.09200001 0.000000
-0.07414021 0.38904536 1.08400011 0.000000
-0.07237343 0.39550921 1.10200000 0.000000
-0.08713763 0.48924297 1.38400006 0.000000
-0.06943842 0.39587170 1.10300004 0.000000
-0.06930904 0.39812985 1.10100007 0.000000
-0.08344623 0.47837359 1.38500011 0.000000
-0.08066565 0.46972162 1.33900011 0.000000
-0.06601603 0.39336282 1.09600008 0.000000
-0.06619339 0.39741001 1.09900010 0.000000
-0.07691588 0.46179909 1.33700001 0.000000
-0.07179172 0.43443060 1.24800003 0.000000
-0.07138506 0.43534720 1.24100006 0.000000
-0.06217154 0.38798249 1.08100009 0.000000
-0.06239844 0.39235064 1.08500004 0.000000
-0.07382984 0.46161813 1.34700012 0.000000
-0.05890174 0.38583210 1.07500005 0.000000
-0.05900831 0.38946071 1.07700002 0.000000
-0.07053706 0.45670524 1.35400009 0.000000
-0.07094948 0.46308324 1.36200011 0.000000
-0.05597695 0.38583511 1.07500005 0.000000
-0.05592200 0.38837877 1.07400000 0.000000
-0.06581881 0.44602492 1.33300006 0.000000
-0.06611095 0.45164993 1.33900011 0.000000
-0.05295066 0.38801992 1.07300007 0.000000
-0.06256738 0.44508317 1.34100008 0.000000
-0.06223682 0.44636360 1.33400011 0.000000
-0.06176641 0.44659433 1.32400012 0.000000
-0.05040696 0.38799417 1.08100009 0.000000
-0.05012459 0.38874581 1.07500005 0.000000
-0.05848107 0.43817234 1.33100009 0.000000
-0.05896056 0.44541892 1.34200001 0.000000
-0.05926432 0.45138654 1.34900010 0.000000
-0.04680459 0.38549370 1.06600010 0.000000
-0.05519060 0.43719247 1.33900011 0.000000
-0.05498088 0.43916368 1.33400011 0.000000
-0.05613125 0.45206088 1.36200011 0.000000
-0.04373944 0.38404948 1.06200004 0.000000
-0.05096724 0.43229842 1.32400012 0.000000
-0.05119481 0.43785033 1.33000004 0.000000
-0.04081354 0.38082287 1.06100011 0.000000
-0.04073448 0.38296676 1.05900002 0.000000
-0.04711165 0.43001610 1.31700003 0.000000
-0.04010917 0.39968798 1.12200010 0.000000
-0.03824822 0.38405535 1.07000005 0.000000
-0.03821046 0.38658512 1.06900001 0.000000
-0.04345935 0.42936605 1.31500006 0.000000
-0.03646147 0.39327794 1.10400009 0.000000
-0.03546875 0.38549298 1.07400000 0.000000
-0.03546687 0.38839516 1.07400000 0.000000
-0.03976264 0.42097974 1.31100011 0.000000
-0.03975991 0.42452133 1.31100011 0.000000
-0.03327534 0.39114246 1.09800005 0.000000
-0.03251594 0.38513592 1.07300007 0.000000
-0.03266573 0.38984352 1.07800007 0.000000
-0.03605664 0.41584861 1.30600011 0.000000
-0.03605413 0.41937679 1.30600011 0.000000
-0.03602405 0.42258099 1.30500007 0.000000
-0.02940305 0.38262501 1.06600010 0.000000
-0.02953939 0.38731366 1.07100010 0.000000
-0.03257642 0.41326979 1.30900002 0.000000
-0.03244970 0.41521412 1.30400002 0.000000
-0.03219861 0.41552570 1.29400003 0.000000
-0.02645252 0.38190866 1.06400001 0.000000
-0.02652569 0.38586855 1.06700003 0.000000
-0.02894429 0.41232485 1.30600011 0.000000
-0.02872064 0.41266894 1.29600000 0.000000
-0.02827544 0.40974766 1.27600002 0.000000
-0.02344642 0.38011527 1.05900002 0.000000
-0.02348945 0.38370007 1.06100011 0.000000
-0.02521182 0.40948534 1.29700005 0.000000
-0.02509341 0.41107872 1.29100001 0.000000
-0.02062176 0.38406286 1.06200004 0.000000
-0.02168031 0.40598297 1.29700005 0.000000
-0.02164533 0.40885556 1.29500008 0.000000
-0.02194464 0.41808563 1.31300008 0.000000
-0.01763173 0.38189402 1.05599999 0.000000
-0.01834418 0.40682453 1.31100011 0.000000
-0.01816096 0.40629739 1.29800010 0.000000
-0.01799177 0.40601546 1.28600001 0.000000
-0.01466113 0.37652898 1.04900002 0.000000
-0.01467433 0.37972504 1.05000007 0.000000
-0.01464561 0.38183367 1.04800010 0.000000
-0.01458084 0.40155032 1.29400003 0.000000
-0.01455725 0.40442047 1.29200006 0.000000
-0.01171707 0.37084559 1.04100001 0.000000
-0.01176145 0.37509391 1.04500008 0.000000
-0.01178333 0.37864083 1.04700005 0.000000
-0.01102972 0.40062031 1.29100001 0.000000
-0.01100329 0.40316927 1.28800011 0.000000
-0.00888400 0.37084618 1.04100001 0.000000
-0.00890911 0.37473556 1.04400003 0.000000
-0.00894277 0.37900302 1.04800010 0.000000
-0.00903616 0.38584268 1.05900002 0.000000
-0.01378236 0.63685155 1.61600006 0.000000
-0.00749548 0.39620990 1.28800011 0.000000
-0.00750074 0.40000036 1.28900003 0.000000
-0.00608580 0.37298402 1.04700005 0.000000
-0.00607965 0.37545383 1.04600000 0.000000
-0.00610838 0.38008830 1.05100000 0.000000
-0.00623592 0.39094394 1.07300007 0.000000
-0.00937559 0.63606369 1.61400008 0.000000
-0.00941013 0.64281315 1.62000012 0.000000
-0.00398294 0.39590269 1.28700006 0.000000
-0.00397646 0.39875951 1.28500009 0.000000
-0.00409685 0.41443914 1.32400012 0.000000
-0.00321783 0.37084684 1.04100001 0.000000
-0.00322384 0.37437728 1.04300010 0.000000
-0.00322985 0.37791869 1.04500008 0.000000
-0.00331931 0.39130849 1.07400000 0.000000
-0.00498879 0.64082938 1.61500013 0.000000
-0.00497319 0.64320397 1.61000013 0.000000
-0.00491127 0.63951933 1.59000003 0.000000
-0.00048292 0.39791363 1.30500007 0.000000
-0.00047437 0.39436474 1.28200006 0.000000
-0.00038585 0.37191567 1.04400003 0.000000
-0.00038583 0.37473631 1.04400003 0.000000
-0.00038914 0.38081196 1.05300009 0.000000
-0.00058390 0.63589954 1.58100009 0.000000
-0.00058093 0.63694215 1.57300007 0.000000
-0.00057094 0.63019758 1.54600012 0.000000
0.00303779 0.39333981 1.29000008 0.000000
0.00303756 0.39682561 1.29000008 0.000000
0.00243894 0.36942193 1.03700006 0.000000
0.00244351 0.37294155 1.03900003 0.000000
0.00250923 0.38587493 1.06700003 0.000000
0.00367327 0.63289297 1.56300008 0.000000
0.00366378 0.63549668 1.55900002 0.000000
0.00364019 0.63561785 1.54900002 0.000000
0.00647722 0.38532025 1.27500010 0.000000
0.00649706 0.38998544 1.27900004 0.000000
0.00678102 0.41066802 1.33500004 0.000000
0.00527129 0.37013417 1.03900003 0.000000
0.00527100 0.37294134 1.03900003 0.000000
0.00796920 0.64079571 1.57200003 0.000000
0.00793353 0.64218318 1.56500006 0.000000
0.00790294 0.64394683 1.55900002 0.000000
0.00806500 0.66147810 1.59100008 0.000000
0.00987369 0.38229755 1.26500010 0.000000
0.00984954 0.38480127 1.26200008 0.000000
0.00998928 0.39374849 1.28000009 0.000000
0.00819293 0.37156928 1.05100000 0.000000
0.00814570 0.37227130 1.04500008 0.000000
0.00815305 0.37545356 1.04600000 0.000000
0.01214227 0.64394659 1.55900002 0.000000
0.01197069 0.63902670 1.53700006 0.000000
0.01178357 0.63315183 1.51300013 0.000000
0.01340518 0.38471428 1.27300000 0.000000
0.01343577 0.38906920 1.27600002 0.000000
0.01796502 0.55276936 1.70700014 0.000000
0.01109545 0.37298295 1.05500007 0.000000
0.01105276 0.37440819 1.05100000 0.000000
0.01108370 0.37832457 1.05400002 0.000000
0.01609757 0.63694763 1.53200006 0.000000
0.01582410 0.63022226 1.50600004 0.000000
0.01563474 0.62672639 1.48800004 0.000000
0.01520375 0.61338454 1.44700003 0.000000
0.01687547 0.38127279 1.27300000 0.000000
0.01688746 0.38501546 1.27400005 0.000000
0.02205032 0.56165445 1.66500008 0.000000
0.02187678 0.56173146 1.65200007 0.000000
0.02199325 0.57376504 1.66100013 0.000000
0.02191249 0.57616305 1.65500009 0.000000
0.01395274 0.37547618 1.05400002 0.000000
0.01405787 0.38119543 1.06200004 0.000000
0.01952207 0.62167192 1.47600007 0.000000
0.01952182 0.62567747 1.47600007 0.000000
0.01937613 0.62499148 1.46500003 0.000000
0.02040865 0.38246942 1.27700007 0.000000
0.02566860 0.55545563 1.60800004 0.000000
0.01667846 0.36944598 1.04500008 0.000000
0.01670945 0.37298167 1.04700005 0.000000
0.01691599 0.38047671 1.06000006 0.000000
0.02355112 0.62610108 1.47700012 0.000000
0.02369438 0.63395017 1.48600006 0.000000
0.02409281 0.64871877 1.51100004 0.000000
0.02385315 0.37842265 1.27500010 0.000000
0.02381393 0.38126969 1.27300000 0.000000
0.01941043 0.36732370 1.03900003 0.000000
0.01946539 0.37119949 1.04200006 0.000000
0.02739894 0.62627089 1.46800005 0.000000
0.02786531 0.64099061 1.49300003 0.000000
0.02892900 0.66967320 1.55000007 0.000000
0.02745662 0.38020149 1.28100002 0.000000
0.02751884 0.38456237 1.28400004 0.000000
0.02215380 0.36311233 1.03500009 0.000000
0.02230235 0.36838314 1.04200006 0.000000
0.02230111 0.37119836 1.04200006 0.000000
0.03183911 0.64331818 1.48900008 0.000000
0.03254465 0.66171199 1.52200007 0.000000
0.03073036 0.37752810 1.27200007 0.000000
0.03121118 0.38695619 1.29200006 0.000000
0.02540502 0.36942595 1.05300009 0.000000
0.02516232 0.36873531 1.04300010 0.000000
0.02518504 0.37190950 1.04400003 0.000000
0.02549726 0.37939644 1.05700004 0.000000
0.03653833 0.66322488 1.51600003 0.000000
0.03689992 0.67395109 1.53100002 0.000000
0.03395755 0.37144047 1.26300001 0.000000
0.03398185 0.37515125 1.26400006 0.000000
0.02805615 0.36661777 1.04500008 0.000000
0.02818878 0.37120858 1.05000007 0.000000
0.02829459 0.37547034 1.05400002 0.000000
0.04063360 0.66690797 1.51500010 0.000000
0.03713327 0.36879089 1.25400007 0.000000
0.03727850 0.37366456 1.25900006 0.000000
0.03087067 0.36626518 1.04400003 0.000000
0.03089849 0.36943924 1.04500008 0.000000
0.03113330 0.37511253 1.05300009 0.000000
0.04416232 0.66217196 1.49500012 0.000000
0.04065101 0.36627206 1.25700009 0.000000
0.04074492 0.37055254 1.26000011 0.000000
0.03358284 0.36486009 1.04000008 0.000000
0.03351636 0.36696276 1.03800011 0.000000
0.04700143 0.64534098 1.45700002 0.000000
0.04661465 0.64395952 1.44500005 0.000000
0.04421724 0.36743435 1.26100004 0.000000
0.04456450 0.37378418 1.27100003 0.000000
0.03620317 0.36275306 1.03400004 0.000000
0.03609609 0.36448610 1.03100002 0.000000
0.05001904 0.63727528 1.43000007 0.000000
0.04938991 0.63309926 1.41200006 0.000000
0.04773325 0.36459884 1.26300001 0.000000
0.04795634 0.36976191 1.26900005 0.000000
0.04840615 0.37672156 1.28100002 0.000000
0.03890400 0.36169848 1.03100002 0.000000
0.03890180 0.36448398 1.03100002 0.000000
0.06229584 0.64208329 1.65200007 0.000000
0.05281409 0.62435198 1.40100002 0.000000
0.05356857 0.63713509 1.42100012 0.000000
0.05353156 0.64055598 1.42000008 0.000000
0.05113512 0.36430639 1.26200008 0.000000
0.05169844 0.37179774 1.27600002 0.000000
0.04199541 0.36134759 1.03800011 0.000000
0.04203345 0.36450276 1.03900003 0.000000
0.04207155 0.36766347 1.04000008 0.000000
0.04295916 0.37831044 1.06200004 0.000000
0.05504784 0.61068189 1.36200011 0.000000
0.05739276 0.64055675 1.42000008 0.000000
0.05422870 0.36199296 1.25400007 0.000000
0.05534885 0.37295920 1.28000009 0.000000
0.04542488 0.36621869 1.05200005 0.000000
0.04477463 0.36379868 1.03700006 0.000000
0.04477212 0.36660051 1.03700006 0.000000
0.07373407 0.67811030 1.70900011 0.000000
0.07412019 0.68633348 1.71800005 0.000000
0.07005524 0.67518878 1.62400007 0.000000
0.06013243 0.62882912 1.39400005 0.000000
0.06099613 0.64170605 1.41400003 0.000000
0.05769230 0.36227742 1.25500011 0.000000
0.05828548 0.36945841 1.26800001 0.000000
0.04759937 0.36099428 1.03700006 0.000000
0.04764256 0.36414686 1.03800011 0.000000
0.04754810 0.36624441 1.03600001 0.000000
0.07815473 0.67151064 1.70400012 0.000000
0.07792298 0.67414010 1.69900012 0.000000
0.07879210 0.68633127 1.71800005 0.000000
0.07727654 0.67771196 1.68500006 0.000000
0.07461467 0.65879202 1.62700009 0.000000
0.07364989 0.65464085 1.60600007 0.000000
0.07704183 0.68935865 1.68000007 0.000000
0.07502261 0.67573971 1.63600004 0.000000
0.06557608 0.65286899 1.43000007 0.000000
0.06097110 0.35802138 1.25200009 0.000000
0.06120992 0.36285016 1.25700009 0.000000
0.05022699 0.35959899 1.03299999 0.000000
0.05017553 0.36203924 1.03200006 0.000000
0.05075614 0.36906984 1.04400003 0.000000
0.08117282 0.68566412 1.67100012 0.000000
0.06771593 0.63643444 1.39400005 0.000000
0.06428534 0.35406423 1.25000000 0.000000
0.06438327 0.35801661 1.25200009 0.000000
0.05278144 0.35785547 1.02800000 0.000000
0.05288114 0.36133474 1.03000009 0.000000
0.05292955 0.36447129 1.03100002 0.000000
0.07099529 0.63564777 1.38400006 0.000000
0.06834202 0.35745814 1.26200008 0.000000
0.06822850 0.36029917 1.26000011 0.000000
0.06806089 0.36284035 1.25700009 0.000000
0.05563299 0.35820049 1.02900004 0.000000
0.05552175 0.36027929 1.02700007 0.000000
0.05535651 0.36199382 1.02400005 0.000000
0.07486703 0.63656807 1.38600004 0.000000
0.07486891 0.64035308 1.38600004 0.000000
0.07178689 0.35403943 1.26200008 0.000000
0.07144012 0.35575333 1.25600004 0.000000
0.07154843 0.35972196 1.25800002 0.000000
0.07319227 0.37149465 1.28700006 0.000000
0.05831956 0.35750109 1.02700007 0.000000
0.05808916 0.35887289 1.02300000 0.000000
0.05763175 0.35880920 1.01500010 0.000000
0.06273859 0.39361086 1.10500002 0.000000
0.07846798 0.63896906 1.38300002 0.000000
0.07864042 0.64414239 1.38600004 0.000000
0.07618595 0.35506538 1.27800012 0.000000
0.07546480 0.35515594 1.26600003 0.000000
0.07510143 0.35688072 1.26000011 0.000000
0.07503613 0.36000237 1.25900006 0.000000
0.07568602 0.36658201 1.27000010 0.000000
0.10674196 0.59023082 1.79300010 0.000000
0.10703283 0.59673446 1.79800010 0.000000
0.10541896 0.59255826 1.77100003 0.000000
0.10493632 0.59464484 1.76300013 0.000000
0.10421576 0.59532815 1.75100005 0.000000
0.06105467 0.35714960 1.02600002 0.000000
0.06075375 0.35816798 1.02100003 0.000000
0.06003643 0.35668498 1.00900006 0.000000
0.08133729 0.63204092 1.36800003 0.000000
0.08264771 0.64600378 1.39000010 0.000000
0.08514766 0.66943860 1.43200004 0.000000
0.07960678 0.35478160 1.27700007 0.000000
0.07903968 0.35571110 1.26800001 0.000000
0.07872203 0.35772458 1.26300001 0.000000
0.07871608 0.36114028 1.26300001 0.000000
0.07883481 0.36513302 1.26500010 0.000000
0.07926514 0.37059292 1.27200007 0.000000
0.10904334 0.59566176 1.75200009 0.000000
0.06365981 0.35610178 1.02300000 0.000000
0.06346962 0.35781384 1.02000010 0.000000
0.06315507 0.35880271 1.01500010 0.000000
0.08872871 0.66320223 1.42700005 0.000000
0.08321716 0.35533097 1.27900004 0.000000
0.08275541 0.35682705 1.27200007 0.000000
0.08242387 0.35885143 1.26700008 0.000000
0.08248272 0.36256394 1.26800001 0.000000
0.08241150 0.36570424 1.26700008 0.000000
0.08234034 0.36883882 1.26600003 0.000000
0.08233426 0.37226173 1.26600003 0.000000
0.06676814 0.35783863 1.02800000 0.000000
0.06682940 0.36096740 1.02900004 0.000000
0.08982520 0.65079182 1.38400006 0.000000
0.09015314 0.65694559 1.38900006 0.000000
0.08690607 0.35615796 1.28200006 0.000000
0.08581493 0.35513756 1.26600003 0.000000
0.08574067 0.35827863 1.26500010 0.000000
0.08607312 0.36312950 1.27000010 0.000000
0.08593116 0.36598665 1.26800001 0.000000
0.08585704 0.36912400 1.26700008 0.000000
0.08578296 0.37225553 1.26600003 0.000000
0.06990359 0.35957527 1.03299999 0.000000
0.06996743 0.36271763 1.03400004 0.000000
0.11400062 0.60474455 1.68500006 0.000000
0.09311634 0.64750361 1.37700009 0.000000
0.08804803 0.61580122 1.30200005 0.000000
0.09163596 0.64458042 1.35500002 0.000000
0.09090010 0.35460860 1.28900003 0.000000
0.08955342 0.35281754 1.27000010 0.000000
0.08926461 0.35513091 1.26600003 0.000000
0.08925789 0.35855523 1.26600003 0.000000
0.08967421 0.36369476 1.27200007 0.000000
0.08945608 0.36626878 1.26900005 0.000000
0.08944948 0.36970019 1.26900005 0.000000
0.08930197 0.37254322 1.26700008 0.000000
0.07257747 0.35608906 1.03100002 0.000000
0.07271421 0.35957137 1.03299999 0.000000
0.07271024 0.36236298 1.03299999 0.000000
0.11717687 0.59756076 1.66500008 0.000000
0.09679151 0.64703691 1.37600005 0.000000
0.09616219 0.64654779 1.36700010 0.000000
0.09497028 0.64220595 1.35000002 0.000000
0.09842176 0.66935080 1.39900005 0.000000
0.09346055 0.35102525 1.27600002 0.000000
0.09279433 0.35197717 1.26700008 0.000000
0.09286057 0.35568511 1.26800001 0.000000
0.09300008 0.35968131 1.27000010 0.000000
0.09335928 0.36454573 1.27500010 0.000000
0.09305950 0.36683929 1.27100003 0.000000
0.09305266 0.37027618 1.27100003 0.000000
0.07530957 0.35573956 1.03000009 0.000000
0.07537851 0.35887110 1.03100002 0.000000
0.10090368 0.65317339 1.38100004 0.000000
0.10090794 0.65695715 1.38100004 0.000000
0.09847190 0.34950602 1.29600000 0.000000
0.09740075 0.34919977 1.28200006 0.000000
0.09663369 0.34991771 1.27200007 0.000000
0.09617062 0.35169226 1.26600003 0.000000
0.09631532 0.35567799 1.26800001 0.000000
0.09646004 0.35967425 1.27000010 0.000000
0.09675668 0.36425278 1.27400005 0.000000
0.09659767 0.36712089 1.27200007 0.000000
0.09697029 0.37201717 1.27700007 0.000000
0.07826805 0.35363713 1.03200006 0.000000
0.07788447 0.35469913 1.02700007 0.000000
0.07788018 0.35747463 1.02700007 0.000000
0.07871012 0.36410886 1.03800011 0.000000
0.10587299 0.66074514 1.39700007 0.000000
0.10527119 0.66076738 1.38900006 0.000000
0.10084616 0.33505094 1.28100002 0.000000
0.10091717 0.33878312 1.28200006 0.000000
0.10043719 0.34065145 1.27600002 0.000000
0.10098050 0.34599265 1.28300011 0.000000
0.10042194 0.34755799 1.27600002 0.000000
0.09954872 0.34798467 1.26500010 0.000000
0.09906911 0.34974039 1.25900006 0.000000
0.09921908 0.35370719 1.26100004 0.000000
0.09952642 0.35825098 1.26500010 0.000000
0.09975508 0.36253005 1.26800001 0.000000
0.09990511 0.36653653 1.27000010 0.000000
0.10076308 0.37317523 1.28100002 0.000000
0.10264350 0.38369542 1.30500007 0.000000
0.08044294 0.35365865 1.02400005 0.000000
0.08020288 0.35538191 1.02100003 0.000000
0.10802936 0.65458781 1.37600005 0.000000
0.10732773 0.65405482 1.36700010 0.000000
0.10589321 0.33649275 1.30000007 0.000000
0.10417464 0.33451998 1.27900004 0.000000
0.10416670 0.33798254 1.27900004 0.000000
0.10375158 0.34010974 1.27400005 0.000000
0.10390659 0.34409714 1.27600002 0.000000
0.10341020 0.34591600 1.27000010 0.000000
0.10266966 0.34687674 1.26100004 0.000000
0.10249916 0.34973288 1.25900006 0.000000
0.10249154 0.35313874 1.25900006 0.000000
0.10280956 0.35767704 1.26300001 0.000000
0.10304619 0.36195081 1.26600003 0.000000
0.10336424 0.36652911 1.27000010 0.000000
0.08274575 0.34883067 1.01800001 0.000000
0.08257860 0.35089120 1.01600003 0.000000
0.08249285 0.35328913 1.01500010 0.000000
0.11112304 0.65078700 1.36800003 0.000000
0.11177810 0.65836620 1.37600005 0.000000
0.10850208 0.33712736 1.28900003 0.000000
0.10689463 0.33559620 1.27000010 0.000000
0.10654988 0.33796608 1.26600003 0.000000
0.10637353 0.34085327 1.26400006 0.000000
0.10611309 0.34345677 1.26100004 0.000000
0.10568444 0.34549356 1.25600004 0.000000
0.10592899 0.34972510 1.25900006 0.000000
0.10642593 0.35481393 1.26500010 0.000000
0.10692284 0.35993493 1.27100003 0.000000
0.10666265 0.36251491 1.26800001 0.000000
0.10690726 0.36681002 1.27100003 0.000000
0.08509531 0.34711269 1.01300001 0.000000
0.08534262 0.35088661 1.01600003 0.000000
0.08542202 0.35398075 1.01700008 0.000000
0.11317120 0.64497459 1.34800005 0.000000
0.11018986 0.33162671 1.26800001 0.000000
0.11009463 0.33479527 1.26700008 0.000000
0.10973877 0.33715707 1.26300001 0.000000
0.10920926 0.33895755 1.25700009 0.000000
0.10885359 0.34126985 1.25300002 0.000000
0.10884548 0.34466031 1.25300002 0.000000
0.10953232 0.35027266 1.26100004 0.000000
0.11230360 0.36265936 1.29300010 0.000000
0.11203483 0.36530745 1.29000008 0.000000
0.08985085 0.35218894 1.03600001 0.000000
0.08837153 0.34916383 1.01900005 0.000000
0.08836670 0.35191798 1.01900005 0.000000
0.08974940 0.36024120 1.03500009 0.000000
0.14324799 0.64241046 1.65300012 0.000000
0.11571219 0.63876009 1.33500004 0.000000
0.11545803 0.64098048 1.33200002 0.000000
0.17871854 0.48343718 1.99300015 0.000000
0.18013956 0.49276242 2.00900006 0.000000
0.11317992 0.33714873 1.26300001 0.000000
0.11281304 0.33948851 1.25900006 0.000000
0.11235666 0.34153396 1.25400007 0.000000
0.11198996 0.34382698 1.25000000 0.000000
0.11242964 0.34859788 1.25500011 0.000000
0.14749371 0.47975692 1.64700007 0.000000
0.14837870 0.48715052 1.65700006 0.000000
0.09105922 0.34606478 1.01800001 0.000000
0.09105416 0.34881622 1.01800001 0.000000
0.09131756 0.35260385 1.02100003 0.000000
0.14702752 0.63929701 1.64500010 0.000000
0.14630824 0.64062142 1.63700008 0.000000
0.11997046 0.64211524 1.34200001 0.000000
0.11979782 0.64483637 1.34000003 0.000000
0.18185522 0.47202548 1.96800005 0.000000
0.15729603 0.43614882 1.70300007 0.000000
0.15257396 0.42756101 1.65200007 0.000000
0.11957559 0.34568211 1.29500008 0.000000
0.11781242 0.34406391 1.27600002 0.000000
0.11614189 0.34261486 1.25800002 0.000000
0.11493323 0.34244329 1.24500000 0.000000
0.11400171 0.34303427 1.23500001 0.000000
0.11639325 0.35366750 1.26100004 0.000000
0.14912835 0.46634617 1.61600006 0.000000
0.15170150 0.47887248 1.64400005 0.000000
0.15390527 0.49037388 1.66800010 0.000000
0.15334094 0.49310383 1.66200006 0.000000
0.15259226 0.49520230 1.65400004 0.000000
0.15313528 0.50148660 1.66000009 0.000000
0.15257142 0.50414550 1.65400004 0.000000
0.09364426 0.34537977 1.01600003 0.000000
0.09363911 0.34812590 1.01600003 0.000000
0.15075918 0.64061719 1.63700008 0.000000
0.15066305 0.64465785 1.63600004 0.000000
0.15121183 0.65147120 1.64200008 0.000000
0.12306943 0.63925046 1.33600008 0.000000
0.15932199 0.41081622 1.67500007 0.000000
0.15864420 0.41361880 1.66800010 0.000000
0.15890558 0.42341599 1.67100012 0.000000
0.15889363 0.42794168 1.67100012 0.000000
0.12130627 0.33714736 1.27600002 0.000000
0.12072690 0.33899987 1.27000010 0.000000
0.12290419 0.34863889 1.29300010 0.000000
0.12241990 0.35077649 1.28800011 0.000000
0.11689862 0.33830902 1.23000002 0.000000
0.11593976 0.33885950 1.22000003 0.000000
0.15632439 0.49724671 1.64600003 0.000000
0.15783329 0.50657344 1.66200006 0.000000
0.15772779 0.51075894 1.66100013 0.000000
0.15629306 0.51059592 1.64600003 0.000000
0.15590307 0.51379353 1.64200008 0.000000
0.09621830 0.34469461 1.01400006 0.000000
0.09592839 0.34640756 1.01100004 0.000000
0.15596443 0.64820021 1.64500010 0.000000
0.15605542 0.65305448 1.64600003 0.000000
0.15538825 0.65471953 1.63900006 0.000000
0.15614349 0.66238028 1.64700007 0.000000
0.15689898 0.67008549 1.65500009 0.000000
0.15831839 0.68068850 1.67000008 0.000000
0.12984857 0.66256624 1.36900008 0.000000
0.16558765 0.40121585 1.69200003 0.000000
0.16244376 0.39812770 1.66000009 0.000000
0.16311647 0.40432459 1.66700006 0.000000
0.16563565 0.41980582 1.69300008 0.000000
0.16102529 0.41261065 1.64600003 0.000000
0.12381354 0.33106855 1.26600003 0.000000
0.12253306 0.33106124 1.25300002 0.000000
0.12174172 0.33231771 1.24500000 0.000000
0.12183055 0.33595717 1.24600005 0.000000
0.12133276 0.33796760 1.24100006 0.000000
0.11917312 0.33527490 1.21900010 0.000000
0.11916448 0.33857328 1.21900010 0.000000
0.12071985 0.34635845 1.23500001 0.000000
0.16254152 0.51167077 1.66400003 0.000000
0.16184713 0.51399767 1.65700006 0.000000
0.16076227 0.51503491 1.64600003 0.000000
0.16026367 0.51790607 1.64100003 0.000000
0.15956993 0.52011359 1.63400006 0.000000
0.16043887 0.52741933 1.64300013 0.000000
0.16121015 0.53444982 1.65100002 0.000000
0.09937248 0.34329730 1.01800001 0.000000
0.09936699 0.34604898 1.01800001 0.000000
0.09906881 0.34777287 1.01500010 0.000000
0.16227925 0.66921413 1.66400003 0.000000
0.16120356 0.66927296 1.65300012 0.000000
0.15983567 0.66805047 1.63900006 0.000000
0.15963836 0.67167699 1.63700008 0.000000
0.16012402 0.67818522 1.64200008 0.000000
0.15973237 0.68098027 1.63800013 0.000000
0.15865844 0.68082571 1.62700009 0.000000
0.15963270 0.68945736 1.63700008 0.000000
0.16089985 0.69941664 1.65000010 0.000000
0.16041210 0.70176911 1.64500010 0.000000
0.16002223 0.70452541 1.64100003 0.000000
0.15875509 0.70337319 1.62800002 0.000000
0.15778087 0.70345628 1.61800003 0.000000
0.13054982 0.64757031 1.33800006 0.000000
0.17396031 0.39591187 1.72900009 0.000000
0.17384669 0.40036914 1.72800004 0.000000
0.17051393 0.39731929 1.69500005 0.000000
0.12566319 0.32349068 1.25000000 0.000000
0.12585494 0.32739830 1.25200009 0.000000
0.12514202 0.32893839 1.24500000 0.000000
0.12402725 0.32937261 1.23400009 0.000000
0.12321416 0.33055571 1.22600007 0.000000
0.12230071 0.33142278 1.21700001 0.000000
0.12209088 0.33416605 1.21500003 0.000000
0.12328780 0.34078646 1.22700012 0.000000
0.12418322 0.34663013 1.23600006 0.000000
0.16635646 0.51398700 1.65700006 0.000000
0.16613439 0.52231413 1.65500009 0.000000
0.16441756 0.52137667 1.63800013 0.000000
0.16561183 0.52965623 1.65000010 0.000000
0.16550137 0.53379250 1.64900005 0.000000
0.16448785 0.53498554 1.63900006 0.000000
0.16186896 0.53085881 1.61300004 0.000000
0.16256200 0.53754139 1.62000012 0.000000
0.10283834 0.34842300 1.02500010 0.000000
0.16378175 0.58600307 1.63300014 0.000000
0.16397500 0.59114265 1.63500011 0.000000
0.16498928 0.67983550 1.64600003 0.000000
0.16528843 0.68555188 1.64900005 0.000000
0.16418466 0.68542767 1.63800013 0.000000
0.16308123 0.68524492 1.62700009 0.000000
0.16578698 0.70560855 1.65400004 0.000000
0.16298071 0.69808596 1.62600005 0.000000
0.16207926 0.69862145 1.61700010 0.000000
0.16208032 0.70302266 1.61700010 0.000000
0.16168080 0.70567566 1.61300004 0.000000
0.13459270 0.64951390 1.34200001 0.000000
0.13319659 0.64638984 1.32800007 0.000000
0.17466906 0.37780017 1.69000006 0.000000
0.17475945 0.38261107 1.69100010 0.000000
0.12793244 0.32063463 1.23900008 0.000000
0.12957498 0.32817337 1.25500011 0.000000
0.12863632 0.32919329 1.24600005 0.000000
0.12728488 0.32909650 1.23300004 0.000000
0.12675948 0.33108580 1.22800004 0.000000
0.12592456 0.33223075 1.22000003 0.000000
0.12498659 0.33305702 1.21100008 0.000000
0.16925594 0.53595489 1.64200008 0.000000
0.16594771 0.52986193 1.61000013 0.000000
0.16480441 0.53056395 1.59900010 0.000000
0.10634763 0.35079676 1.03200006 0.000000
0.16988638 0.58281845 1.64900005 0.000000
0.17059955 0.58977062 1.65600014 0.000000
0.16987066 0.59173715 1.64900005 0.000000
0.16307981 0.68867660 1.58400011 0.000000
0.16719958 0.71048987 1.62400007 0.000000
0.16771635 0.71711522 1.62900007 0.000000
0.16823356 0.72376984 1.63400006 0.000000
0.16669203 0.72154015 1.61900008 0.000000
0.13753265 0.64980537 1.33500004 0.000000
0.18268393 0.38026822 1.72200012 0.000000
0.18341303 0.38650522 1.72900009 0.000000
0.13004509 0.31419694 1.22700012 0.000000
0.13247302 0.32347161 1.25000000 0.000000
0.13010359 0.33107650 1.22800004 0.000000
0.12903480 0.33167693 1.21800005 0.000000
0.13019080 0.33799824 1.22900009 0.000000
0.10905460 0.34766391 1.03100002 0.000000
0.10936604 0.35147083 1.03400004 0.000000
0.17396455 0.57250047 1.64500010 0.000000
0.17151484 0.71890014 1.62300003 0.000000
0.17046104 0.71886921 1.61300004 0.000000
0.16792814 0.71250832 1.58900011 0.000000
0.16592397 0.70827407 1.57000005 0.000000
0.14222424 0.65468156 1.34500003 0.000000
0.18662976 0.37405497 1.71500003 0.000000
0.19162156 0.38886666 1.76100004 0.000000
0.11110530 0.34252921 1.02400005 0.000000
0.11099075 0.34496027 1.02300000 0.000000
0.11174427 0.35010538 1.03000009 0.000000
0.11748808 0.37104848 1.08300006 0.000000
0.16888948 0.69861156 1.55800009 0.000000
0.16878505 0.70241356 1.55700004 0.000000
0.17182484 0.71937418 1.58500004 0.000000
0.14425880 0.64738923 1.33000004 0.000000
0.19087203 0.36852503 1.71100008 0.000000
0.11389034 0.34252307 1.02400005 0.000000
0.11377298 0.34495425 1.02300000 0.000000
0.11398939 0.34839988 1.02500010 0.000000
0.17202456 0.70258594 1.54800010 0.000000
0.17558582 0.72142768 1.58000004 0.000000
0.15111405 0.66525620 1.35900009 0.000000
0.18630554 0.34221551 1.63000011 0.000000
0.12078372 0.35169265 1.06000006 0.000000
0.11690315 0.34318578 1.02600002 0.000000
0.11621329 0.34393659 1.02000010 0.000000
0.18570313 0.75364268 1.63100004 0.000000
0.18297759 0.74695230 1.60700011 0.000000
0.15697885 0.67456752 1.37800002 0.000000
0.19496109 0.34975988 1.66600013 0.000000
0.11993316 0.34106901 1.02800000 0.000000
0.11922672 0.34184149 1.02200007 0.000000
0.11910375 0.34426758 1.02100003 0.000000
0.18735021 0.74695981 1.60700011 0.000000
0.18922351 0.75884306 1.62300003 0.000000
0.19144735 0.77222770 1.64200008 0.000000
0.18947437 0.76868981 1.62500012 0.000000
0.16351958 0.68246639 1.40200007 0.000000
0.16003132 0.67164123 1.37200010 0.000000
0.15910937 0.67148381 1.36400008 0.000000
0.24937008 0.38032004 2.08100009 0.000000
0.12130276 0.33433414 1.01600003 0.000000
0.12177370 0.33840826 1.02000010 0.000000
0.12164780 0.34083167 1.01900005 0.000000
0.12008958 0.33920360 1.00600004 0.000000
0.18341643 0.73551190 1.53700006 0.000000
0.16352877 0.67067331 1.37000012 0.000000
0.16330163 0.67346466 1.36800003 0.000000
0.25553399 0.38103411 2.08500004 0.000000
0.25674230 0.38855854 2.09500003 0.000000
0.25917578 0.39801830 2.11500001 0.000000
0.20739171 0.34160635 1.69300008 0.000000
0.20615231 0.34415987 1.68300009 0.000000
0.12284456 0.33103678 1.00600004 0.000000
0.12418108 0.33740634 1.01700008 0.000000
0.12466291 0.34149408 1.02100003 0.000000
0.12123786 0.33481407 0.99300003 0.000000
0.18969843 0.75220394 1.55400002 0.000000
0.16982354 0.68096542 1.39100003 0.000000
0.16434142 0.66264606 1.34600008 0.000000
0.16398744 0.66487402 1.34300005 0.000000
0.26273873 0.37750655 2.09700012 0.000000
0.26196957 0.38211328 2.09100008 0.000000
0.26207733 0.38798466 2.09200001 0.000000
0.26293659 0.39498967 2.09900022 0.000000
0.26341981 0.40145910 2.10300016 0.000000
0.21200532 0.34159181 1.69300008 0.000000
0.21399404 0.34946194 1.70900011 0.000000
0.12607947 0.33234626 1.00999999 0.000000
0.12669685 0.33673614 1.01500010 0.000000
0.12606612 0.33780840 1.00999999 0.000000
0.16663457 0.65724277 1.33500004 0.000000
0.26936868 0.37302610 2.10400009 0.000000
0.26883897 0.37802908 2.10000014 0.000000
0.26805311 0.38264388 2.09400010 0.000000
0.26765129 0.38778147 2.09100008 0.000000
0.26737738 0.39308998 2.08899999 0.000000
0.26582360 0.39647788 2.07700014 0.000000
0.21560961 0.33538556 1.68500006 0.000000
0.21585067 0.34036639 1.68700004 0.000000
0.12933600 0.33365563 1.01400006 0.000000
0.12945670 0.33672941 1.01500010 0.000000
0.20582633 0.78571659 1.61400008 0.000000
0.20354508 0.78135157 1.59600008 0.000000
0.16950582 0.65430146 1.32900012 0.000000
0.16696772 0.64806712 1.30900002 0.000000
0.27510348 0.37300837 2.10400009 0.000000
0.27443182 0.37783128 2.09900022 0.000000
0.27389085 0.38280869 2.09500003 0.000000
0.27334985 0.38776347 2.09100008 0.000000
0.27215517 0.39175481 2.08200002 0.000000
0.27056843 0.39512360 2.07000017 0.000000
0.17170653 0.65253627 1.31800008 0.000000
0.27923572 0.37086308 2.09200001 0.000000
0.27988502 0.37745321 2.09700012 0.000000
0.27959979 0.38279051 2.09500003 0.000000
0.27904761 0.38774523 2.09100008 0.000000
0.27782816 0.39173651 2.08200002 0.000000
0.27527443 0.39376920 2.06300020 0.000000
0.23601308 0.34726736 1.76900005 0.000000
0.17516458 0.65205497 1.31700003 0.000000
0.28627989 0.37833476 2.10200000 0.000000
0.28558040 0.38313749 2.09700012 0.000000
0.28419998 0.38698500 2.08700013 0.000000
0.28200260 0.38964832 2.07100010 0.000000
0.29033974 0.37615642 2.09000015 0.000000
0.29073772 0.38238797 2.09300017 0.000000
0.28905198 0.38585371 2.08100009 0.000000
0.28500524 0.38605499 2.05200005 0.000000
0.17514257 0.62633717 1.26500010 0.000000
0.30200750 0.33132133 2.13100004 0.000000
0.29502264 0.38054213 2.08300018 0.000000
0.29259592 0.38305360 2.06599998 0.000000
0.18213481 0.64229566 1.29000008 0.000000
0.21836063 0.78688639 1.54600012 0.000000
0.21216764 0.76866007 1.50200009 0.000000
0.30653656 0.45169848 2.12500000 0.000000
0.18694639 0.64679277 1.29900002 0.000000
0.19171259 0.66690922 1.33200002 0.000000
0.22200125 0.78487259 1.54200006 0.000000
0.22116022 0.78608268 1.53600001 0.000000
0.22521585 0.80475819 1.56400013 0.000000
0.30232221 0.30812630 2.05400014 0.000000
0.30874491 0.33186799 2.09800005 0.000000
0.30584845 0.40257046 2.08000016 0.000000
0.30685771 0.40959579 2.08700013 0.000000
0.31154236 0.42163271 2.11900020 0.000000
0.30062291 0.41801688 2.04500008 0.000000
0.30119094 0.42439842 2.04900002 0.000000
0.25391391 0.61704987 1.73300004 0.000000
0.24936287 0.61061966 1.70200002 0.000000
0.19270445 0.65791416 1.31400001 0.000000
0.23239276 0.81067210 1.58400011 0.000000
0.22082624 0.77442354 1.50500011 0.000000
0.22246501 0.78430074 1.51600003 0.000000
0.31361422 0.31380919 2.09200001 0.000000
0.30969891 0.31553623 2.06599998 0.000000
0.31028077 0.32178447 2.07000017 0.000000
0.31101212 0.32821172 2.07500005 0.000000
0.31549019 0.33868778 2.10500002 0.000000
0.27949733 0.35099190 1.86600006 0.000000
0.30209538 0.38487676 2.01700020 0.000000
0.30926460 0.39964741 2.06500006 0.000000
0.31164065 0.40839806 2.08100009 0.000000
0.30787668 0.40907711 2.05599999 0.000000
0.30456242 0.41022459 2.03400016 0.000000
0.30229649 0.41268247 2.01900005 0.000000
0.29913253 0.41381541 1.99800014 0.000000
0.30330452 0.42511514 2.02600002 0.000000
0.25818577 0.61128914 1.73000014 0.000000
0.25563926 0.60991949 1.71300006 0.000000
0.25219792 0.60630566 1.69000006 0.000000
0.19837873 0.66494197 1.32800007 0.000000
0.31624171 0.31643477 2.07200003 0.000000
0.31515536 0.32098922 2.06500006 0.000000
0.31818935 0.32977512 2.08500004 0.000000
0.31235358 0.33490947 2.04700017 0.000000
0.31462371 0.34297547 2.06200004 0.000000
0.31552029 0.34960085 2.06800008 0.000000
0.31656909 0.35642970 2.07500005 0.000000
0.31153095 0.39536977 2.04299998 0.000000
0.31349307 0.40347165 2.05599999 0.000000
0.31255805 0.40786323 2.05000019 0.000000
0.31009838 0.41020450 2.03400016 0.000000
0.30946842 0.41491082 2.03000021 0.000000
0.30639935 0.41628081 2.00999999 0.000000
0.25349557 0.57582778 1.66800010 0.000000
0.25621092 0.59116852 1.68600011 0.000000
0.25817677 0.60032594 1.69900012 0.000000
0.32312706 0.31763846 2.08000016 0.000000
0.32326406 0.32345793 2.08100009 0.000000
0.32246894 0.32833317 2.07600021 0.000000
0.27323624 0.32145074 1.76000011 0.000000
0.31586984 0.38827178 2.03500009 0.000000
0.31786746 0.39631724 2.04800010 0.000000
0.32126150 0.40619859 2.07000017 0.000000
0.31860271 0.40843970 2.05300021 0.000000
0.31827176 0.41361246 2.05100012 0.000000
0.31794083 0.41877365 2.04900002 0.000000
0.26746494 0.59687549 1.72900009 0.000000
0.26064816 0.58624691 1.68500006 0.000000
0.25708055 0.58274364 1.66200006 0.000000
0.19617699 0.63443458 1.26700008 0.000000
0.19185995 0.62384731 1.23900008 0.000000
0.33114299 0.32561535 2.09500003 0.000000
0.32685661 0.32704926 2.06800008 0.000000
0.32652172 0.33235705 2.06599998 0.000000
0.27646387 0.31484923 1.75000012 0.000000
0.27597293 0.31905946 1.74700010 0.000000
0.31337270 0.37312964 1.98400009 0.000000
0.32732645 0.41802824 2.07300019 0.000000
0.32351601 0.41875291 2.04900002 0.000000
0.26573133 0.57357389 1.68800008 0.000000
0.27280417 0.59355491 1.73300004 0.000000
0.27169138 0.59582919 1.72600007 0.000000
0.33377245 0.32829559 2.07600021 0.000000
0.33230641 0.33249894 2.06700015 0.000000
0.33116195 0.33697966 2.06000018 0.000000
0.32197994 0.33310622 2.00300002 0.000000
0.28670761 0.31609774 1.78400004 0.000000
0.27897656 0.31231350 1.73600006 0.000000
0.33007526 0.41437751 2.05500007 0.000000
0.32796624 0.41730148 2.04200006 0.000000
0.27097026 0.57034254 1.69200003 0.000000
0.27288070 0.57899946 1.70400012 0.000000
0.27783382 0.59422886 1.73500013 0.000000
0.26779836 0.63190764 1.67300010 0.000000
0.34071153 0.33521426 2.08400011 0.000000
0.33856675 0.33875963 2.07100010 0.000000
0.28878388 0.31306833 1.76700008 0.000000
0.28337353 0.31193662 1.73400009 0.000000
0.33211380 0.39887646 2.03299999 0.000000
0.33503336 0.40797943 2.05100012 0.000000
0.33239874 0.41032374 2.03500009 0.000000
0.27313659 0.56073612 1.67700005 0.000000
0.27653393 0.57694948 1.69800007 0.000000
0.27267668 0.62811583 1.67500007 0.000000
0.27267101 0.63265759 1.67500007 0.000000
0.21648969 0.66503996 1.32800007 0.000000
0.28412083 0.30295247 1.71000004 0.000000
0.35180441 0.40402290 2.11800003 0.000000
0.34763041 0.40494090 2.09300017 0.000000
0.34179598 0.40376034 2.05800009 0.000000
0.33646038 0.40298557 2.02600002 0.000000
0.27904221 0.55427873 1.68500006 0.000000
0.27886441 0.55850732 1.68400013 0.000000
0.27887857 0.63642925 1.68500006 0.000000
0.27705291 0.63681501 1.67400002 0.000000
0.20950522 0.63301009 1.26400006 0.000000
0.21217832 0.64457285 1.28000009 0.000000
0.34627020 0.34086382 2.05000019 0.000000
0.34912160 0.34931406 2.06700015 0.000000
0.28710091 0.29654083 1.70000005 0.000000
0.29316342 0.30754152 1.73600006 0.000000
0.27959317 0.54187638 1.66100013 0.000000
0.28446212 0.55591106 1.69000006 0.000000
0.28480396 0.63944560 1.69300008 0.000000
0.28547189 0.64555973 1.69700003 0.000000
0.22022100 0.65819150 1.30700004 0.000000
0.22462527 0.67498583 1.33300006 0.000000
0.35804594 0.34115353 2.08600020 0.000000
0.35991362 0.34865838 2.09700012 0.000000
0.35148355 0.34608307 2.04800010 0.000000
0.29807436 0.30297765 1.73700011 0.000000
0.29198712 0.55225033 1.70700014 0.000000
0.28410611 0.54186392 1.66100013 0.000000
0.28546208 0.54899108 1.66900003 0.000000
0.29350311 0.65316331 1.71700013 0.000000
0.22258998 0.65468919 1.30000007 0.000000
0.36300203 0.34614396 2.08200002 0.000000
0.30367014 0.30383229 1.74200010 0.000000
0.29993984 0.55371237 1.72600007 0.000000
0.29784122 0.55450183 1.71400011 0.000000
0.29296288 0.55000699 1.68600011 0.000000
0.29660699 0.64973515 1.70800006 0.000000
0.30329031 0.29409823 1.71300006 0.000000
0.30358359 0.54711848 1.72000003 0.000000
0.30533493 0.55498213 1.73000014 0.000000
0.30072466 0.64396298 1.70500004 0.000000
0.29878005 0.64440513 1.69400012 0.000000
0.30071622 0.65321714 1.70500004 0.000000
0.22123119 0.63404006 1.25200009 0.000000
0.30147615 0.28790057 1.67700005 0.000000
0.28859556 0.30627173 1.60600007 0.000000
0.31058592 0.55123979 1.73300004 0.000000
0.30069798 0.63869506 1.67900014 0.000000
0.30499247 0.65244734 1.70300007 0.000000
0.23269977 0.65325010 1.29700005 0.000000
0.22931582 0.64723206 1.27800012 0.000000
0.31659016 0.25519893 1.73400009 0.000000
0.31493074 0.25857130 1.72500002 0.000000
0.31491432 0.26326758 1.72500002 0.000000
0.30220300 0.28427851 1.65600014 0.000000
0.29226527 0.29678535 1.60200012 0.000000
0.29808599 0.30715418 1.63400006 0.000000
0.29788613 0.31140336 1.63300014 0.000000
0.29713905 0.31506628 1.62900007 0.000000
0.30875760 0.53518146 1.69700003 0.000000
0.30108386 0.62544739 1.65600014 0.000000
0.30398887 0.63602835 1.67200005 0.000000
0.23644999 0.65738702 1.29800010 0.000000
0.32111922 0.25503549 1.73300004 0.000000
0.31999111 0.25885472 1.72700012 0.000000
0.32090098 0.26431933 1.73200011 0.000000
0.32699803 0.27415976 1.76500010 0.000000
0.30227607 0.27570316 1.63200009 0.000000
0.30040729 0.27842528 1.62200010 0.000000
0.30865446 0.30880955 1.66700006 0.000000
0.30697039 0.31164795 1.65800011 0.000000
0.30621207 0.31539023 1.65400004 0.000000
0.30434304 0.31794974 1.64400005 0.000000
0.31375051 0.53119910 1.69900012 0.000000
0.32149225 0.54904360 1.74100006 0.000000
0.31038254 0.63526297 1.68200004 0.000000
0.30816439 0.63526392 1.67000008 0.000000
0.31222078 0.64822662 1.69200003 0.000000
0.24018091 0.65792012 1.29900002 0.000000
0.32338589 0.25310615 1.72000003 0.000000
0.32224149 0.25688982 1.71400011 0.000000
0.32372895 0.26277658 1.72200012 0.000000
0.32671997 0.26994884 1.73800004 0.000000
0.33215418 0.27926216 1.76700008 0.000000
0.30464432 0.27382830 1.62100005 0.000000
0.31269112 0.29014254 1.66400003 0.000000
0.30703664 0.28935438 1.63400006 0.000000
0.32069948 0.31620133 1.70700014 0.000000
0.32049331 0.32065204 1.70600009 0.000000
0.31427586 0.31899521 1.67300010 0.000000
0.32023913 0.53431147 1.70900011 0.000000
0.33184236 0.55849004 1.77100003 0.000000
0.31813744 0.64167958 1.69900012 0.000000
0.31888279 0.64781356 1.70300007 0.000000
0.31344959 0.64132774 1.67400002 0.000000
0.23978996 0.64731097 1.27800012 0.000000
0.32729781 0.25250122 1.71600008 0.000000
0.32728139 0.25717309 1.71600008 0.000000
0.32802761 0.26245469 1.72000003 0.000000
0.33010849 0.26884460 1.73100007 0.000000
0.33409595 0.27687413 1.75200009 0.000000
0.32164976 0.28037143 1.68700004 0.000000
0.31724742 0.28107497 1.66400003 0.000000
0.32954913 0.31555900 1.72900009 0.000000
0.32743409 0.31822050 1.71800005 0.000000
0.32207939 0.31762654 1.69000006 0.000000
0.32033244 0.52223206 1.68500006 0.000000
0.32161215 0.64400643 1.69300008 0.000000
0.24994509 0.66506696 1.31300008 0.000000
0.33389553 0.25395620 1.72600007 0.000000
0.33329859 0.25820550 1.72300005 0.000000
0.33328184 0.26289564 1.72300005 0.000000
0.33423197 0.26836160 1.72800004 0.000000
0.33556867 0.27417025 1.73500013 0.000000
0.33729184 0.28033784 1.74400008 0.000000
0.32816738 0.28201598 1.69700003 0.000000
0.32834327 0.28680056 1.69800007 0.000000
0.33175173 0.30850384 1.71600008 0.000000
0.33134678 0.31280303 1.71400011 0.000000
0.33036178 0.31653509 1.70900011 0.000000
0.32222486 0.31328580 1.66700006 0.000000
0.32799387 0.52717662 1.70100009 0.000000
0.32371223 0.63449645 1.68000007 0.000000
0.32640675 0.64438397 1.69400012 0.000000
0.34270477 0.25702929 1.74700010 0.000000
0.33974549 0.25953746 1.73200011 0.000000
0.33835548 0.26318383 1.72500002 0.000000
0.33676931 0.26663625 1.71700013 0.000000
0.33635989 0.27099261 1.71500003 0.000000
0.33496979 0.27453378 1.70800006 0.000000
0.33514848 0.27934387 1.70900011 0.000000
0.33101287 0.28050295 1.68800008 0.000000
0.33060318 0.28475618 1.68600011 0.000000
0.33803648 0.29586250 1.72400010 0.000000
0.33939078 0.30177048 1.73100007 0.000000
0.33564740 0.30311263 1.71200013 0.000000
0.33582515 0.30794621 1.71300006 0.000000
0.33639488 0.31314957 1.71600008 0.000000
0.33657235 0.31799826 1.71700013 0.000000
0.33771202 0.53054392 1.72700012 0.000000
0.32554302 0.62920576 1.66600013 0.000000
0.32905743 0.64057732 1.68400013 0.000000
0.26084375 0.67475057 1.33200002 0.000000
0.34365514 0.25892118 1.72800004 0.000000
0.34184837 0.26225147 1.71900010 0.000000
0.34043932 0.26584274 1.71200013 0.000000
0.33843368 0.26892132 1.70200002 0.000000
0.33742225 0.27274844 1.69700003 0.000000
0.33641076 0.27654779 1.69200003 0.000000
0.33380872 0.27899003 1.67900014 0.000000
0.33556271 0.28966662 1.68800008 0.000000
0.33713517 0.29565087 1.69600010 0.000000
0.33731586 0.30043873 1.69700003 0.000000
0.33868900 0.30631000 1.70400012 0.000000
0.34757170 0.53376949 1.75300014 0.000000
0.34656537 0.53698039 1.74800003 0.000000
0.33561626 0.64437884 1.69400012 0.000000
0.34450164 0.26070896 1.70900011 0.000000
0.34246892 0.26380709 1.69900012 0.000000
0.35051417 0.27474982 1.73900008 0.000000
0.34263602 0.27321324 1.70000005 0.000000
0.35072401 0.53131855 1.74500012 0.000000
0.34789538 0.53174341 1.73100007 0.000000
0.33761257 0.63486522 1.68100011 0.000000
0.33781114 0.63981199 1.68200004 0.000000
0.33892506 0.62882012 1.66500008 0.000000
0.26646635 0.66167325 1.30600011 0.000000
0.26955995 0.67295581 1.32100010 0.000000
0.35806006 0.28270504 1.73000014 0.000000
0.34448248 0.63070637 1.67000008 0.000000
0.26528329 0.65005255 1.28300011 0.000000
0.26035318 0.64140362 1.25900006 0.000000
0.35290149 0.27500707 1.68300009 0.000000
0.35057744 0.27775702 1.67200005 0.000000
0.36287653 0.51883084 1.73500013 0.000000
0.34923318 0.62654215 1.67100012 0.000000
0.34755933 0.62806094 1.66300011 0.000000
0.25625563 0.62309557 1.22300005 0.000000
0.35447878 0.27724108 1.66900003 0.000000
0.35573539 0.28279257 1.67500007 0.000000
0.35720417 0.28854769 1.68200004 0.000000
0.37182412 0.52479619 1.75500011 0.000000
0.34890616 0.61791635 1.64800012 0.000000
0.35398570 0.63145852 1.67200005 0.000000
0.34996223 0.62877578 1.65300012 0.000000
0.26130140 0.62720460 1.23100007 0.000000
0.36951202 0.29470509 1.71800005 0.000000
0.36325651 0.29432207 1.68900013 0.000000
0.35936713 0.29572755 1.67100012 0.000000
0.35440275 0.29613617 1.64800012 0.000000
0.37767673 0.52150851 1.76000011 0.000000
0.35724467 0.62919152 1.66600013 0.000000
0.35831624 0.63562226 1.67100012 0.000000
0.26807731 0.63191062 1.24700010 0.000000
0.26897171 0.63742936 1.25100005 0.000000
0.37243170 0.29331443 1.71000004 0.000000
0.36740422 0.29395533 1.68700004 0.000000
0.36107048 0.29340884 1.65800011 0.000000
0.35996360 0.29701659 1.65300012 0.000000
0.37832552 0.51586330 1.74100006 0.000000
0.36286074 0.62653708 1.67100012 0.000000
0.36416280 0.63334507 1.67700005 0.000000
0.27519244 0.64055997 1.26400006 0.000000
0.37242255 0.29428560 1.68900013 0.000000
0.37932619 0.50614065 1.72400010 0.000000
0.39449233 0.53125536 1.79300010 0.000000
0.36872283 0.62878573 1.67700005 0.000000
0.37158066 0.63825428 1.69000006 0.000000
0.36168668 0.62573242 1.64500010 0.000000
0.39380619 0.51904279 1.76800013 0.000000
0.37394992 0.63447767 1.68000007 0.000000
0.36593726 0.62535274 1.64400005 0.000000
0.39343464 0.50754732 1.74500012 0.000000
0.37378660 0.62654710 1.65900004 0.000000
0.40023965 0.50539678 1.75400007 0.000000
0.40045232 0.51044041 1.75500011 0.000000
0.37556094 0.61753660 1.64700007 0.000000
0.37738588 0.62503737 1.65500009 0.000000
0.39875025 0.50228161 1.72700012 0.000000
0.38234699 0.62128669 1.65700006 0.000000
0.38488635 0.62994832 1.66800010 0.000000
0.38996461 0.64285511 1.69000006 0.000000
0.30184609 0.66831917 1.30400002 0.000000
0.40602162 0.50075591 1.73800004 0.000000
0.39199084 0.63410437 1.67900014 0.000000
0.29909882 0.65452379 1.27700007 0.000000
0.39915550 0.63826090 1.69000006 0.000000
0.29122809 0.62996334 1.22900009 0.000000
0.29529989 0.64217079 1.24600005 0.000000
0.40709451 0.63891363 1.70400012 0.000000
0.29388162 0.62846828 1.22600007 0.000000
0.28577402 0.61438251 1.19200003 0.000000
0.40907139 0.63479161 1.69300008 0.000000
0.40279213 0.62958020 1.66700006 0.000000
0.29676202 0.62748647 1.22400010 0.000000
0.42222610 0.48816520 1.72700012 0.000000
0.41025579 0.62954521 1.67900014 0.000000
0.41196975 0.63675970 1.68600011 0.000000
0.30993068 0.64803839 1.26400006 0.000000
0.43432766 0.49663019 1.75700009 0.000000
0.41432917 0.62879872 1.67700005 0.000000
0.41235664 0.63034332 1.66900003 0.000000
0.30650678 0.63719940 1.23600006 0.000000
0.41264704 0.61942875 1.65200007 0.000000
0.42214349 0.63827926 1.69000006 0.000000
0.30810061 0.63018662 1.22900009 0.000000
0.30664390 0.63054502 1.22300005 0.000000
0.42395964 0.62955707 1.67900014 0.000000
0.30235416 0.61177325 1.19300008 0.000000
0.45809036 0.50217992 1.79400003 0.000000
0.42801794 0.62881207 1.67700005 0.000000
0.42496085 0.62884831 1.66500008 0.000000
0.43077609 0.62619299 1.67000008 0.000000
0.43207213 0.63263160 1.67500007 0.000000
0.42382458 0.62502342 1.64300013 0.000000
0.30538753 0.61132210 1.17900002 0.000000
0.46289814 0.48720628 1.77500010 0.000000
0.46105820 0.49007922 1.76800013 0.000000
0.44262016 0.63669825 1.69800007 0.000000
0.46086189 0.48005539 1.74900007 0.000000
0.46111143 0.48507574 1.75000012 0.000000
0.44882250 0.63895500 1.70400012 0.000000
0.46613860 0.48059040 1.75100005 0.000000
0.44813174 0.62687349 1.68400013 0.000000
0.45159855 0.63633764 1.69700003 0.000000
0.46012267 0.65305042 1.72900009 0.000000
0.47088829 0.48057669 1.75100005 0.000000
0.47006816 0.48449436 1.74800003 0.000000
0.45110306 0.62464720 1.67800009 0.000000
0.45084217 0.62884611 1.67700005 0.000000
0.45945397 0.64550543 1.70900011 0.000000
0.47942784 0.48919320 1.76500010 0.000000
0.45242155 0.62472999 1.66600013 0.000000
0.32980755 0.62715060 1.20900011 0.000000
0.45832083 0.62205768 1.67100012 0.000000
0.45805576 0.62623918 1.67000008 0.000000
0.46343556 0.62737423 1.67300010 0.000000
0.45929110 0.62627262 1.65800011 0.000000
0.47470662 0.63638502 1.69700003 0.000000
0.45569605 0.61532986 1.62900007 0.000000
0.48413202 0.64277184 1.71400011 0.000000
0.34513539 0.63102227 1.21600008 0.000000
0.35002461 0.64333147 1.23300004 0.000000
0.49051386 0.64503449 1.72000003 0.000000
0.34827110 0.63400435 1.21500003 0.000000
0.49001929 0.63829726 1.70200002 0.000000
0.48941380 0.62696314 1.68400013 0.000000
0.49494952 0.63868630 1.70300007 0.000000
0.49607229 0.63420045 1.69100010 0.000000
0.36526608 0.62274432 1.24000001 0.000000
0.49713051 0.62971532 1.67900014 0.000000
0.50454921 0.64374727 1.70400012 0.000000
0.37933004 0.63729692 1.27600002 0.000000
0.37731078 0.63737035 1.26900005 0.000000
0.36309987 0.61669999 1.22100008 0.000000
0.36226988 0.61861801 1.21800005 0.000000
0.35965624 0.61745870 1.20900011 0.000000
0.35853076 0.61881983 1.20500004 0.000000
0.50350279 0.63198191 1.68500006 0.000000
0.51517409 0.65132058 1.72400010 0.000000
0.37397566 0.62939036 1.24600005 0.000000
0.36953768 0.62528497 1.23100007 0.000000
0.36539987 0.62160939 1.21700001 0.000000
0.35816312 0.62233865 1.19200003 0.000000
0.36154026 0.63149750 1.20300007 0.000000
0.50749642 0.63124889 1.68300009 0.000000
0.51264083 0.64227176 1.70000005 0.000000
0.51300144 0.63239205 1.68600011 0.000000
0.50837433 0.61663115 1.65600014 0.000000
0.51576078 0.63016027 1.68000007 0.000000
0.36691195 0.62384510 1.18800008 0.000000
0.52096629 0.63093019 1.68200004 0.000000
0.51417267 0.62721831 1.66000009 0.000000
0.52274662 0.62757480 1.67300010 0.000000
0.52794611 0.62834656 1.67500007 0.000000
0.53729057 0.63399619 1.69000006 0.000000
0.54639751 0.63927203 1.70400012 0.000000
0.54846764 0.63629550 1.69600010 0.000000
0.55767000 0.64157391 1.71000004 0.000000
0.54986978 0.63718754 1.68600011 0.000000
0.55250818 0.63494766 1.68000007 0.000000
0.54878610 0.62099183 1.65500009 0.000000
0.55562657 0.61909276 1.66200006 0.000000
0.55033487 0.62215507 1.64600003 0.000000
0.57065296 0.63530928 1.69300008 0.000000
0.58004558 0.64059436 1.70700014 0.000000
0.58318239 0.63390511 1.68900013 0.000000
0.58711535 0.63318902 1.68700004 0.000000
0.57984227 0.62987995 1.66600013 0.000000
0.58858359 0.62984657 1.67800009 0.000000
0.59919542 0.63626492 1.69500005 0.000000
0.60491461 0.63742948 1.69800007 0.000000
0.60127902 0.62423366 1.67500007 0.000000
0.59342039 0.62057525 1.65300012 0.000000
0.59574890 0.61383730 1.64700007 0.000000
0.59261805 0.60605001 1.62600005 0.000000
0.59488183 0.60385418 1.62000012 0.000000
0.61968201 0.62439859 1.67500007 0.000000
0.59345758 0.60234261 1.60400009 0.000000
0.62242413 0.62257922 1.67000008 0.000000
0.59898758 0.60351336 1.60700011 0.000000
0.63039720 0.62598056 1.67900014 0.000000
0.62972301 0.62080801 1.66500008 0.000000
0.62511635 0.60739094 1.64100003 0.000000
0.63087875 0.61750054 1.65600014 0.000000
0.63385600 0.61151069 1.65200007 0.000000
0.62546378 0.60785443 1.63000011 0.000000
0.63531595 0.60859871 1.64400005 0.000000
0.63284218 0.60198557 1.62600005 0.000000
0.64612782 0.61914605 1.66000009 0.000000
0.64790958 0.61203426 1.65300012 0.000000
0.65445477 0.61004484 1.63500011 0.000000
0.67422998 0.61966801 1.67300010 0.000000
0.68691021 0.62246686 1.69300008 0.000000
0.68616062 0.62639683 1.69100010 0.000000
0.70139742 0.63135380 1.71700013 0.000000
0.68928790 0.61634088 1.67600012 0.000000
0.70745009 0.63727033 1.72000003 0.000000
0.68771911 0.61088884 1.66100013 0.000000
0.68157369 0.60991800 1.64600003 0.000000
0.69023824 0.60911566 1.65600014 0.000000
0.68030113 0.60479677 1.63200009 0.000000
0.73126322 0.63637221 1.74300003 0.000000
0.69483048 0.60918295 1.65600014 0.000000
0.69364071 0.61264801 1.65300012 0.000000
0.68886667 0.60005444 1.63100004 0.000000
0.68999445 0.59718066 1.62300003 0.000000
0.68581396 0.59796256 1.61300004 0.000000
0.70384616 0.60079873 1.64500010 0.000000
0.70349056 0.60497987 1.64400005 0.000000
0.72822827 0.61767352 1.69100010 0.000000
0.71021533 0.60689408 1.64900005 0.000000
0.73872030 0.63593167 1.71500003 0.000000
0.71559459 0.60313720 1.65100002 0.000000
0.73300993 0.62242973 1.69100010 0.000000
0.71764475 0.62293452 1.65500009 0.000000
0.69873017 0.61531276 1.61100006 0.000000
0.70358688 0.62401849 1.62200010 0.000000
0.71278495 0.63666314 1.64300013 0.000000
0.72401118 0.66492015 1.66800010 0.000000
0.71586317 0.66194326 1.64900005 0.000000
0.70207065 0.65360898 1.61700010 0.000000
0.73981982 0.61965483 1.69600010 0.000000
0.72812104 0.61441082 1.66900003 0.000000
0.73063767 0.63481587 1.67400002 0.000000
0.71195608 0.62303782 1.63100004 0.000000
0.70505917 0.62141269 1.61500013 0.000000
0.71082455 0.63094050 1.62800002 0.000000
0.72270691 0.64600819 1.65500009 0.000000
0.72847992 0.65572542 1.66800010 0.000000
0.72814143 0.65997547 1.66700006 0.000000
0.72387314 0.66063488 1.65700006 0.000000
0.71611041 0.65802979 1.63900006 0.000000
0.71359140 0.66017878 1.63300014 0.000000
0.74753642 0.61757880 1.70300007 0.000000
0.75771415 0.63069743 1.72600007 0.000000
0.75165117 0.63032341 1.71200013 0.000000
0.73236799 0.65967989 1.66600013 0.000000
0.71840131 0.65156525 1.63400006 0.000000
0.71454644 0.65251100 1.62500012 0.000000
0.72080761 0.66270941 1.63900006 0.000000
0.75404876 0.61911035 1.70700014 0.000000
0.75103927 0.62127936 1.70000005 0.000000
0.72324681 0.59017438 1.62700009 0.000000
0.73355311 0.60308844 1.65000010 0.000000
0.72420901 0.58735311 1.61900008 0.000000
0.72294939 0.59074342 1.61600006 0.000000
0.72527069 0.59706628 1.62100005 0.000000
0.73466760 0.59667748 1.63200009 0.000000
0.73880655 0.60452032 1.64100003 0.000000
0.73198438 0.59091389 1.61600006 0.000000
0.74339783 0.60460973 1.64100003 0.000000
0.72548223 0.57780731 1.59200013 0.000000
0.72830385 0.58441919 1.59800005 0.000000
0.75378227 0.59677035 1.64400005 0.000000
0.76121116 0.60718650 1.66000009 0.000000
0.75977355 0.59795159 1.64700007 0.000000
0.78016776 0.61862224 1.69100010 0.000000
0.74536479 0.58315825 1.60600007 0.000000
0.75427806 0.59457237 1.62500012 0.000000
0.73905551 0.58692378 1.59200013 0.000000
0.73358101 0.58689487 1.58000004 0.000000
0.75643271 0.60963023 1.62900007 0.000000
0.73539919 0.57199407 1.57500005 0.000000
0.75417274 0.59100997 1.61500013 0.000000
0.73952532 0.59251595 1.58300006 0.000000
0.75297773 0.58225894 1.60300004 0.000000
0.73338169 0.59270906 1.56000006 0.000000
0.75606906 0.58126724 1.60000002 0.000000
0.76514870 0.59267390 1.61900008 0.000000
0.76852381 0.61751741 1.62500012 0.000000
0.79479969 0.60752892 1.67200005 0.000000
0.76447958 0.58874983 1.60800004 0.000000
0.77837354 0.60392690 1.63700008 0.000000
0.79340398 0.60753113 1.65900004 0.000000
0.78347009 0.60440493 1.63800013 0.000000
0.78310293 0.60860008 1.63700008 0.000000
0.78847927 0.61728740 1.64800012 0.000000
0.77595752 0.59079337 1.61300004 0.000000
0.80012393 0.61374265 1.66300011 0.000000
0.79975814 0.61800969 1.66200006 0.000000
0.79116058 0.59896272 1.63500011 0.000000
0.78498280 0.59872407 1.62200010 0.000000
-0.77710950 0.64176846 1.75600004 1.000000
-0.77476776 0.63899714 1.76200008 1.000000
-0.77265304 0.64204806 1.75700009 1.000000
-0.77449811 0.64838773 1.76100004 1.000000
-0.77422988 0.64254105 1.77200007 1.000000
-0.76906878 0.64306045 1.76000011 1.000000
-0.76958960 0.64830184 1.76100004 1.000000
-0.77190334 0.64463586 1.77800012 1.000000
-0.76373458 0.64261323 1.75900006 1.000000
-0.76511914 0.64858609 1.76200008 1.000000
-0.76782161 0.64528197 1.78000009 1.000000
-0.75711542 0.64107221 1.75500011 1.000000
-0.76280391 0.65071255 1.76800013 1.000000
-0.76244640 0.64484245 1.77900004 1.000000
-0.75437951 0.64282066 1.76000011 1.000000
-0.75917280 0.65173638 1.77100003 1.000000
-0.76219010 0.64875424 1.79000008 1.000000
-0.75374854 0.64639658 1.77000010 1.000000
-0.75723207 0.65423375 1.77800012 1.000000
-0.76102990 0.65194219 1.79900014 1.000000
-0.75137317 0.64851302 1.77600014 1.000000
-0.75567901 0.65710050 1.78600013 1.000000
-0.75730139 0.65295708 1.80200005 1.000000
-0.74518496 0.64734471 1.77300012 1.000000
-0.74862039 0.65518600 1.78100014 1.000000
-0.74854982 0.64962596 1.79300010 1.000000
-0.73734659 0.64471829 1.76600003 1.000000
-0.73992252 0.65180254 1.77200007 1.000000
-0.74565721 0.65136921 1.79800010 1.000000
-0.73079443 0.64318937 1.76200008 1.000000
-0.73210740 0.64915723 1.76500010 1.000000
-0.73985648 0.65057826 1.79600012 1.000000
-0.72838736 0.64531255 1.76800013 1.000000
-0.72927833 0.65092731 1.77000010 1.000000
-0.73447883 0.65015137 1.79500008 1.000000
-0.72349459 0.64524722 1.76800013 1.000000
-0.72765249 0.65380198 1.77800012 1.000000
-0.72504568 0.64610469 1.78400004 1.000000
-0.71779203 0.64445376 1.76600003 1.000000
-0.72476578 0.65557480 1.78300011 1.000000
-0.71930903 0.64531964 1.78200006 1.000000
-0.71048862 0.64220273 1.76000011 1.000000
-0.71377987 0.64999616 1.76800013 1.000000
-0.71278441 0.64381224 1.77800012 1.000000
-0.70322102 0.63995367 1.75400007 1.000000
-0.70688933 0.64809632 1.76300013 1.000000
-0.70349765 0.63977236 1.76700008 1.000000
-0.69638759 0.63807160 1.74900007 1.000000
-0.70042735 0.64656609 1.75900006 1.000000
-0.69387889 0.63537270 1.75500011 1.000000
-0.68958420 0.63619149 1.74400008 1.000000
-0.69201285 0.64320010 1.75000012 1.000000
-0.69257367 0.63857734 1.76400006 1.000000
-0.68516695 0.63650179 1.74500012 1.000000
-0.68914813 0.64498150 1.75500011 1.000000
-0.68732285 0.63816345 1.76300013 1.000000
-0.68113655 0.63717830 1.74700010 1.000000
-0.68313903 0.64382428 1.75200009 1.000000
-0.68053150 0.63630331 1.75800014 1.000000
-0.67593616 0.63676214 1.74600005 1.000000
-0.68063354 0.64597589 1.75800014 1.000000
-0.66992652 0.63082576 1.74300003 1.000000
-0.66728419 0.63306558 1.73600006 1.000000
-0.67233115 0.64261740 1.74900007 1.000000
-0.66627520 0.63186449 1.74600005 1.000000
-0.66174257 0.63228816 1.73400009 1.000000
-0.66675222 0.64183271 1.74700010 1.000000
-0.66109425 0.63145721 1.74500012 1.000000
-0.65621430 0.63151240 1.73200011 1.000000
-0.65550309 0.63553917 1.73000014 1.000000
-0.65667313 0.63177502 1.74600005 1.000000
-0.65069920 0.63073814 1.73000014 1.000000
-0.64999187 0.63475800 1.72800004 1.000000
-0.64926177 0.62919956 1.73900008 1.000000
-0.64594388 0.63069451 1.73000014 1.000000
-0.64636093 0.63581496 1.73100007 1.000000
-0.64374405 0.62843490 1.73700011 1.000000
-0.64119077 0.63065225 1.73000014 1.000000
-0.64345694 0.63760775 1.73600006 1.000000
-0.63897502 0.62839520 1.73700011 1.000000
-0.63680738 0.63097584 1.73100007 1.000000
-0.63795203 0.63683087 1.73400009 1.000000
-0.63457298 0.62871855 1.73800004 1.000000
-0.63205540 0.63093626 1.73100007 1.000000
-0.63392079 0.63752431 1.73600006 1.000000
-0.63161683 0.63049006 1.74300003 1.000000
-0.62984210 0.63344938 1.73800004 1.000000
-0.63096774 0.63932067 1.74100006 1.000000
-0.62467915 0.62828392 1.73700011 1.000000
-0.62327641 0.63158995 1.73300004 1.000000
-0.62475204 0.63781345 1.73700011 1.000000
-0.61884689 0.62716436 1.73400009 1.000000
-0.61888140 0.63191873 1.73400009 1.000000
-0.62034482 0.63814354 1.73800004 1.000000
-0.61444938 0.62749285 1.73500013 1.000000
-0.61271179 0.63042653 1.73000014 1.000000
-0.61416292 0.63663906 1.73400009 1.000000
-0.61180508 0.62963063 1.74100006 1.000000
-0.60937721 0.63185090 1.73400009 1.000000
-0.61011344 0.63733888 1.73600006 1.000000
-0.61647439 0.64875758 1.75400007 1.000000
-0.60253555 0.62963271 1.72800004 1.000000
-0.60256749 0.63436866 1.72800004 1.000000
-0.60539049 0.64206517 1.73600006 1.000000
-0.61100513 0.65278834 1.75200009 1.000000
-0.62045807 0.66772991 1.77900004 1.000000
-0.61073005 0.66202706 1.75100005 1.000000
-0.59815001 0.62996626 1.72900009 1.000000
-0.59783477 0.63433665 1.72800004 1.000000
-0.60132664 0.64277154 1.73800004 1.000000
-0.60378218 0.65014529 1.74500012 1.000000
-0.59410369 0.63066530 1.73100007 1.000000
-0.59379011 0.63503999 1.73000014 1.000000
-0.59862649 0.64495826 1.74400008 1.000000
-0.58899927 0.62553644 1.73000014 1.000000
-0.58936703 0.63063681 1.73100007 1.000000
-0.59245998 0.63868093 1.74000013 1.000000
-0.58629417 0.62767947 1.73600006 1.000000
-0.58665824 0.63279527 1.73700011 1.000000
-0.58871228 0.63975328 1.74300003 1.000000
-0.58154780 0.62765437 1.73600006 1.000000
-0.57956308 0.63021892 1.73000014 1.000000
-0.58059436 0.63605541 1.73300004 1.000000
-0.57813191 0.62907630 1.74000013 1.000000
-0.57549798 0.63092232 1.73200011 1.000000
-0.57552320 0.63566214 1.73200011 1.000000
-0.57107055 0.62652248 1.73300004 1.000000
-0.56944591 0.62944102 1.72800004 1.000000
-0.57012922 0.63490278 1.73000014 1.000000
-0.56568277 0.62577748 1.73100007 1.000000
-0.56472433 0.62941796 1.72800004 1.000000
-0.56670845 0.63634652 1.73400009 1.000000
-0.55965900 0.62431049 1.72700012 1.000000
-0.55967993 0.62903172 1.72700012 1.000000
-0.55937797 0.63338763 1.72600007 1.000000
-0.55875295 0.63736987 1.72400010 1.000000
-0.55526489 0.62465191 1.72800004 1.000000
-0.55367815 0.62755376 1.72300005 1.000000
-0.55434185 0.63299847 1.72500002 1.000000
-0.55182225 0.62607878 1.73200011 1.000000
-0.55056691 0.62935477 1.72800004 1.000000
-0.54963112 0.63297737 1.72500002 1.000000
-0.54741138 0.62642217 1.73300004 1.000000
-0.54395479 0.62715048 1.72200012 1.000000
-0.54397386 0.63185644 1.72200012 1.000000
-0.55393964 0.63458711 1.76900005 1.000000
-0.54205662 0.62568200 1.73100007 1.000000
-0.54270023 0.63113838 1.73300004 1.000000
-0.54303169 0.63624036 1.73400009 1.000000
-0.53516173 0.62313563 1.72400010 1.000000
-0.53610927 0.62893605 1.72700012 1.000000
-0.53829968 0.63622206 1.73400009 1.000000
-0.52984452 0.62239748 1.72200012 1.000000
-0.53170604 0.62928385 1.72800004 1.000000
-0.53233790 0.63473701 1.73000014 1.000000
-0.52485859 0.62671930 1.72100008 1.000000
-0.52609396 0.63288605 1.72500002 1.000000
-0.51984996 0.62164646 1.72000003 1.000000
-0.52077037 0.62743294 1.72300005 1.000000
-0.52199405 0.63360423 1.72700012 1.000000
-0.51427609 0.62523443 1.71700013 1.000000
-0.51548791 0.63138819 1.72100008 1.000000
-0.50781530 0.62303674 1.71100008 1.000000
-0.50871861 0.62880635 1.71400011 1.000000
-0.50168222 0.62120402 1.70600009 1.000000
-0.50287062 0.62732589 1.71000004 1.000000
-0.49906287 0.61907041 1.71300006 1.000000
-0.49878198 0.62337756 1.71200013 1.000000
-0.49908462 0.62841433 1.71300006 1.000000
-0.49381971 0.61833799 1.71100008 1.000000
-0.49469528 0.62409532 1.71400011 1.000000
-0.49528310 0.62950343 1.71600008 1.000000
-0.49173298 0.62158155 1.72000003 1.000000
-0.49231383 0.62699842 1.72200012 1.000000
-0.49318141 0.63279426 1.72500002 1.000000
-0.48506725 0.61904371 1.71300006 1.000000
-0.48535869 0.62407649 1.71400011 1.000000
-0.48650050 0.63021648 1.71800005 1.000000
-0.48069140 0.62406814 1.71400011 1.000000
-0.48098028 0.62910670 1.71500003 1.000000
-0.47296983 0.62005538 1.70300007 1.000000
-0.47353300 0.62542999 1.70500004 1.000000
-0.46887761 0.61613238 1.70500004 1.000000
-0.46888387 0.62077665 1.70500004 1.000000
-0.46999094 0.62688953 1.70900011 1.000000
-0.47632408 0.64004672 1.73200011 1.000000
-0.46178687 0.61287463 1.69600010 1.000000
-0.46233693 0.61822176 1.69800007 1.000000
-0.46588305 0.62761599 1.71100008 1.000000
-0.45744127 0.61323118 1.69700003 1.000000
-0.45933309 0.62040067 1.70400012 1.000000
-0.46284318 0.62981039 1.71700013 1.000000
-0.45148611 0.60681468 1.69200003 1.000000
-0.45415801 0.61503369 1.70200002 1.000000
-0.45442918 0.62003160 1.70300007 1.000000
-0.45817012 0.62980449 1.71700013 1.000000
-0.45295805 0.61506051 1.71500003 1.000000
-0.45005572 0.61575276 1.70400012 1.000000
-0.45058775 0.62111944 1.70600009 1.000000
-0.45138460 0.62686485 1.70900011 1.000000
-0.44855464 0.61541682 1.71600008 1.000000
-0.44568160 0.61611104 1.70500004 1.000000
-0.44542342 0.62038743 1.70400012 1.000000
-0.44725713 0.62759376 1.71100008 1.000000
-0.44595692 0.61828411 1.72400010 1.000000
-0.44078529 0.61574727 1.70400012 1.000000
-0.44104654 0.62074822 1.70500004 1.000000
-0.44234329 0.62722290 1.71000004 1.000000
-0.43691856 0.61682940 1.70700014 1.000000
-0.43666461 0.62110960 1.70600009 1.000000
-0.43717936 0.62648588 1.70800006 1.000000
-0.43176961 0.61610520 1.70500004 1.000000
-0.43050507 0.61892301 1.70000005 1.000000
-0.43000081 0.62281501 1.69800007 1.000000
-0.43354920 0.63260961 1.71200013 1.000000
-0.42738363 0.61646569 1.70600009 1.000000
-0.42588151 0.61892134 1.70000005 1.000000
-0.42538226 0.62281269 1.69800007 1.000000
-0.42763942 0.63075882 1.70700014 1.000000
-0.42324030 0.61718792 1.70800006 1.000000
-0.42001945 0.61709988 1.69500005 1.000000
-0.42051628 0.62244397 1.69700003 1.000000
-0.42274848 0.63038671 1.70600009 1.000000
-0.42031187 0.61971748 1.71500003 1.000000
-0.41614556 0.61819142 1.69800007 1.000000
-0.41541106 0.62170905 1.69500005 1.000000
-0.42742151 0.64442605 1.74400008 1.000000
-0.41540673 0.61935663 1.71400011 1.000000
-0.41177094 0.61855537 1.69900012 1.000000
-0.41055942 0.62134141 1.69400012 1.000000
-0.41201457 0.62816602 1.70000005 1.000000
-0.41050738 0.61899632 1.71300006 1.000000
-0.40667224 0.61782748 1.69700003 1.000000
-0.40499455 0.61987388 1.69000006 1.000000
-0.40930864 0.63112098 1.70800006 1.000000
-0.40537679 0.61827499 1.71100008 1.000000
-0.40111089 0.61637193 1.69300008 1.000000
-0.40016258 0.61950713 1.68900013 1.000000
-0.40466413 0.63112032 1.70800006 1.000000
-0.39955473 0.61647004 1.70600009 1.000000
-0.39557156 0.61491686 1.68900013 1.000000
-0.39603892 0.62024128 1.69100010 1.000000
-0.39838058 0.62853360 1.70100009 1.000000
-0.39955002 0.61901063 1.72600007 1.000000
-0.39445451 0.61574960 1.70400012 1.000000
-0.39236906 0.61710286 1.69500005 1.000000
-0.39329350 0.62317646 1.69900012 1.000000
-0.39560756 0.63148987 1.70900011 1.000000
-0.39096680 0.61755902 1.70900011 1.000000
-0.38821906 0.61783296 1.69700003 1.000000
-0.38913226 0.62391132 1.70100009 1.000000
-0.39004612 0.63001245 1.70500004 1.000000
-0.38790423 0.62009156 1.71600008 1.000000
-0.38315424 0.61710715 1.69500005 1.000000
-0.38315201 0.62171233 1.69500005 1.000000
-0.38428065 0.62816602 1.70000005 1.000000
-0.38636708 0.62515402 1.73000014 1.000000
-0.37676048 0.61419731 1.68700004 1.000000
-0.37698126 0.61914694 1.68800008 1.000000
-0.37943590 0.62779796 1.69900012 1.000000
-0.37151355 0.61310822 1.68400013 1.000000
-0.37239298 0.61914933 1.68800008 1.000000
-0.37569979 0.62927788 1.70300007 1.000000
-0.36715454 0.61347568 1.68500006 1.000000
-0.36736917 0.61841863 1.68600011 1.000000
-0.36780223 0.62373745 1.68800008 1.000000
-0.36322066 0.61457169 1.68800008 1.000000
-0.36278665 0.61842179 1.68600011 1.000000
-0.36213812 0.62189245 1.68300009 1.000000
-0.35842070 0.61421168 1.68700004 1.000000
-0.35756695 0.61732483 1.68300009 1.000000
-0.35820097 0.62300384 1.68600011 1.000000
-0.35362634 0.61385202 1.68600011 1.000000
-0.35383183 0.61879587 1.68700004 1.000000
-0.35424763 0.62411559 1.68900013 1.000000
-0.34945858 0.61458480 1.68800008 1.000000
-0.34966111 0.61953360 1.68900013 1.000000
-0.35048521 0.62559718 1.69300008 1.000000
-0.34507573 0.61495382 1.68900013 1.000000
-0.34527522 0.61990476 1.69000006 1.000000
-0.34547532 0.62486202 1.69100010 1.000000
-0.34109068 0.61605132 1.69200003 1.000000
-0.34007764 0.61880898 1.68700004 1.000000
-0.34027472 0.62375742 1.68800008 1.000000
-0.33629391 0.61569273 1.69100010 1.000000
-0.33489650 0.61771345 1.68400013 1.000000
-0.33449402 0.62154466 1.68200004 1.000000
-0.33111033 0.61460620 1.68800008 1.000000
-0.32953554 0.61625135 1.68000007 1.000000
-0.32933444 0.62044072 1.67900014 1.000000
-0.33011454 0.62648666 1.68300009 1.000000
-0.32652336 0.61461204 1.68800008 1.000000
-0.32477668 0.61588997 1.67900014 1.000000
-0.32438457 0.61970645 1.67700005 1.000000
-0.32193643 0.61461812 1.68800008 1.000000
-0.32021400 0.61589551 1.67900014 1.000000
-0.32001787 0.62008107 1.67800009 1.000000
-0.32074034 0.61655241 1.70600009 1.000000
-0.31772551 0.61535275 1.69000006 1.000000
-0.31602734 0.61663496 1.68100011 1.000000
-0.31620967 0.62156451 1.68200004 1.000000
-0.31388119 0.61222261 1.69400012 1.000000
-0.31202146 0.61317462 1.68400013 1.000000
-0.31164452 0.61700773 1.68200004 1.000000
-0.31200927 0.62230915 1.68400013 1.000000
-0.31402501 0.62162650 1.72000003 1.000000
-0.30726284 0.61281717 1.68300009 1.000000
-0.30616090 0.61517978 1.67700005 1.000000
-0.30706769 0.62157565 1.68200004 1.000000
-0.30214992 0.61173159 1.68000007 1.000000
-0.30214325 0.61628658 1.68000007 1.000000
-0.30267659 0.62195110 1.68300009 1.000000
-0.31022412 0.64215070 1.72500002 1.000000
-0.29971763 0.61152178 1.69200003 1.000000
-0.29793894 0.61246687 1.68200004 1.000000
-0.29722360 0.61555946 1.67800009 1.000000
-0.29898852 0.62380487 1.68800008 1.000000
-0.30261999 0.62707072 1.73500013 1.000000
-0.29249614 0.61065328 1.67700005 1.000000
-0.29248920 0.61519927 1.67700005 1.000000
-0.29318035 0.62122422 1.68100011 1.000000
-0.28966358 0.60973006 1.68700004 1.000000
-0.28828245 0.61138886 1.67900014 1.000000
-0.28758857 0.61447239 1.67500007 1.000000
-0.28792530 0.61975235 1.67700005 1.000000
-0.28474134 0.60901505 1.68500006 1.000000
-0.28405774 0.61212456 1.68100011 1.000000
-0.28320563 0.61484617 1.67600012 1.000000
-0.28370580 0.62049794 1.67900014 1.000000
-0.28298897 0.61516738 1.70200002 1.000000
-0.27948958 0.61213195 1.68100011 1.000000
-0.27798593 0.61338574 1.67200005 1.000000
-0.27748030 0.61680877 1.66900003 1.000000
-0.28113145 0.62952334 1.69100010 1.000000
-0.27999932 0.61879003 1.71200013 1.000000
-0.27410364 0.61031884 1.67600012 1.000000
-0.27295142 0.61229229 1.66900003 1.000000
-0.27179974 0.61422849 1.66200006 1.000000
-0.27213016 0.61156923 1.69200003 1.000000
-0.26858398 0.60814148 1.67000008 1.000000
-0.26761156 0.61046511 1.66400003 1.000000
-0.26712212 0.61386573 1.66100013 1.000000
-0.26420364 0.60851347 1.67100012 1.000000
-0.26372176 0.61193991 1.66800010 1.000000
-0.26387274 0.61682916 1.66900003 1.000000
-0.25997314 0.60924953 1.67300010 1.000000
-0.25903317 0.61158037 1.66700006 1.000000
-0.25949216 0.61720568 1.67000008 1.000000
-0.26057300 0.62433714 1.67700005 1.000000
-0.25909871 0.61340129 1.69700003 1.000000
-0.25435761 0.60670823 1.66600013 1.000000
-0.25404462 0.61048716 1.66400003 1.000000
-0.25449541 0.61610401 1.66700006 1.000000
-0.25754181 0.62806672 1.68700004 1.000000
-0.25315443 0.60101569 1.68800008 1.000000
-0.25239566 0.60379201 1.68300009 1.000000
-0.25028765 0.60328865 1.66900003 1.000000
-0.24878001 0.60416675 1.65900004 1.000000
-0.24892233 0.60902709 1.66000009 1.000000
-0.25011465 0.61648065 1.66800010 1.000000
-0.25130731 0.62397820 1.67600012 1.000000
-0.25018650 0.60494143 1.69900012 1.000000
-0.24693801 0.60164815 1.67700005 1.000000
-0.24472083 0.60076666 1.66200006 1.000000
-0.24309312 0.60126120 1.65100002 1.000000
-0.24352720 0.60683322 1.65400004 1.000000
-0.24366714 0.61168307 1.65500009 1.000000
-0.24137720 0.59462470 1.67000008 1.000000
-0.24122383 0.59878671 1.66900003 1.000000
-0.24049272 0.60149783 1.66400003 1.000000
-0.23976199 0.60418248 1.65900004 1.000000
-0.23989882 0.60904211 1.66000009 1.000000
-0.23974694 0.61316854 1.65900004 1.000000
-0.23259254 0.57951295 1.64000010 1.000000
-0.23456900 0.58893663 1.65400004 1.000000
-0.23526935 0.59520757 1.65900004 1.000000
-0.23625359 0.60222918 1.66600013 1.000000
-0.23596185 0.60601133 1.66400003 1.000000
-0.23567049 0.60978341 1.66200006 1.000000
-0.23523773 0.61317569 1.65900004 1.000000
-0.22673489 0.58039981 1.63000011 1.000000
-0.22825630 0.58875811 1.64100003 1.000000
-0.23339434 0.60657525 1.67800009 1.000000
-0.23310801 0.61038971 1.67600012 1.000000
-0.23226568 0.61272621 1.67000008 1.000000
-0.23156285 0.61540055 1.66500008 1.000000
-0.23061469 0.60670590 1.69100010 1.000000
-0.22924240 0.60766804 1.68100011 1.000000
-0.22868875 0.61076188 1.67700005 1.000000
-0.22881727 0.61566907 1.67800009 1.000000
-0.22962798 0.62243050 1.68400013 1.000000
-0.22347020 0.60442299 1.67200005 1.000000
-0.22319475 0.60822040 1.67000008 1.000000
-0.22345424 0.61347526 1.67200005 1.000000
-0.22545139 0.62354666 1.68700004 1.000000
-0.22731517 0.63332760 1.70100009 1.000000
-0.22289844 0.62555838 1.66800010 1.000000
-0.21808146 0.61647803 1.63200009 1.000000
-0.21813953 0.60226214 1.66600013 1.000000
-0.21786962 0.60604310 1.66400003 1.000000
-0.21773094 0.61018068 1.66300011 1.000000
-0.22008015 0.62133628 1.68100011 1.000000
-0.22125129 0.62923902 1.69000006 1.000000
-0.22072080 0.63231570 1.68600011 1.000000
-0.21757251 0.62781650 1.66200006 1.000000
-0.21335426 0.60154742 1.66400003 1.000000
-0.21321803 0.60568678 1.66300011 1.000000
-0.21244107 0.60798669 1.65700006 1.000000
-0.21333115 0.61505985 1.66400003 1.000000
-0.21511890 0.62477797 1.67800009 1.000000
-0.21562490 0.63082212 1.68200004 1.000000
-0.21348268 0.61032861 1.70100009 1.000000
-0.20908174 0.60227853 1.66600013 1.000000
-0.20832077 0.60460198 1.66000009 1.000000
-0.20743468 0.60652649 1.65300012 1.000000
-0.20880772 0.61506706 1.66400003 1.000000
-0.20792234 0.61696577 1.65700006 1.000000
-0.20904495 0.62482798 1.66600013 1.000000
-0.20898983 0.60609120 1.70200002 1.000000
-0.20996341 0.61356652 1.71000004 1.000000
-0.20467538 0.60264820 1.66700006 1.000000
-0.20331691 0.60315287 1.65600014 1.000000
-0.20244990 0.60506618 1.64900005 1.000000
-0.20293373 0.61100829 1.65300012 1.000000
-0.20354059 0.61734492 1.65800011 1.000000
-0.20328842 0.62108403 1.65600014 1.000000
-0.20579472 0.61501038 1.71400011 1.000000
-0.20086376 0.60482538 1.67300010 1.000000
-0.19857477 0.60243213 1.65400004 1.000000
-0.19748676 0.60360581 1.64500010 1.000000
-0.19807981 0.60990644 1.65000010 1.000000
-0.19831298 0.61511761 1.65200007 1.000000
-0.20082724 0.62746644 1.67300010 1.000000
-0.19515835 0.59222025 1.66300011 1.000000
-0.19748878 0.60844868 1.68300009 1.000000
-0.19478211 0.60462523 1.66000009 1.000000
-0.19371858 0.60581481 1.65100002 1.000000
-0.19265546 0.60695636 1.64200008 1.000000
-0.19569908 0.62108201 1.66800010 1.000000
-0.19256914 0.60737211 1.68000007 1.000000
-0.19038357 0.60499704 1.66100013 1.000000
-0.18945922 0.60655606 1.65300012 1.000000
-0.18979591 0.61213839 1.65600014 1.000000
-0.18721806 0.60484928 1.67300010 1.000000
-0.18530802 0.60318333 1.65600014 1.000000
-0.18485311 0.60619622 1.65200007 1.000000
-0.18234162 0.60377240 1.67000008 1.000000
-0.18069631 0.60282654 1.65500009 1.000000
-0.18025233 0.60583645 1.65100002 1.000000
-0.17780074 0.60378009 1.67000008 1.000000
-0.17630279 0.60319817 1.65600014 1.000000
-0.17597623 0.60657746 1.65300012 1.000000
-0.17180729 0.59872597 1.65600014 1.000000
-0.17200743 0.60393387 1.65800011 1.000000
-0.17200035 0.60841918 1.65800011 1.000000
-0.17282340 0.61586243 1.66600013 1.000000
-0.16699392 0.60211980 1.65300012 1.000000
-0.16688593 0.60622430 1.65200007 1.000000
-0.16768734 0.61365110 1.66000009 1.000000
-0.16220404 0.60103399 1.65000010 1.000000
-0.16209890 0.60513020 1.64900005 1.000000
-0.15733477 0.59958375 1.64600003 1.000000
-0.15742365 0.60440296 1.64700007 1.000000
-0.15741716 0.60885835 1.64700007 1.000000
-0.15267286 0.59886205 1.64400005 1.000000
-0.15303773 0.60477644 1.64800012 1.000000
-0.15293850 0.60886461 1.64700007 1.000000
-0.14820197 0.59886861 1.64400005 1.000000
-0.14855611 0.60478288 1.64800012 1.000000
-0.14909069 0.61145860 1.65400004 1.000000
-0.14459889 0.60699105 1.65400004 1.000000
-0.14468017 0.61183441 1.65500009 1.000000
-0.14493649 0.61742842 1.65800011 1.000000
-0.14018540 0.60736424 1.65500009 1.000000
-0.14026409 0.61221004 1.65600014 1.000000
-0.13856433 0.60924149 1.63600004 1.000000
-0.13494653 0.60406739 1.64600003 1.000000
-0.13485868 0.60814923 1.64500010 1.000000
-0.13023205 0.60297233 1.64300013 1.000000
-0.13046412 0.60852462 1.64600003 1.000000
-0.13196452 0.62005222 1.66500008 1.000000
-0.12553377 0.60187703 1.64000010 1.000000
-0.12591094 0.60816050 1.64500010 1.000000
-0.12621173 0.61409909 1.64900005 1.000000
-0.12880874 0.63131326 1.68300009 1.000000
-0.12122697 0.59846234 1.58400011 1.000000
-0.12099934 0.60151553 1.63900006 1.000000
-0.12099396 0.60594761 1.63900006 1.000000
-0.12143167 0.61261463 1.64500010 1.000000
-0.11876928 0.60355991 1.60900009 1.000000
-0.11618585 0.59968591 1.63400006 1.000000
-0.11625174 0.60447401 1.63500011 1.000000
-0.11582010 0.60666108 1.62900007 1.000000
-0.11318471 0.59718764 1.59200013 1.000000
-0.11153619 0.59859008 1.63100004 1.000000
-0.11166792 0.60373962 1.63300014 1.000000
-0.11077412 0.60331422 1.62000012 1.000000
-0.10709975 0.59859514 1.63100004 1.000000
-0.10742319 0.60485369 1.63600004 1.000000
-0.10814070 0.61337417 1.64700007 1.000000
-0.10234848 0.59676492 1.62600005 1.000000
-0.10316204 0.60596758 1.63900006 1.000000
-0.10384981 0.61449605 1.65000010 1.000000
-0.09768454 0.59530163 1.62200010 1.000000
-0.09870379 0.60597205 1.63900006 1.000000
-0.09984357 0.61747992 1.65800011 1.000000
-0.09269293 0.59599400 1.61200011 1.000000
-0.09429874 0.61078054 1.64000010 1.000000
-0.08715754 0.58823389 1.59100008 1.000000
-0.08241311 0.58527994 1.58300006 1.000000
-0.07840291 0.58750206 1.58900011 1.000000
-0.07533901 0.59748840 1.61600006 1.000000
-0.07636116 0.61005092 1.63800013 1.000000
-0.07151353 0.60229838 1.62900007 1.000000
-0.07190532 0.61005431 1.63800013 1.000000
-0.06745254 0.60562932 1.63800013 1.000000
-0.06761412 0.61154723 1.64200008 1.000000
-0.06307328 0.60637182 1.64000010 1.000000
-0.06318572 0.61192268 1.64300013 1.000000
-0.06352898 0.61974108 1.65200007 1.000000
-0.05879030 0.60822344 1.64500010 1.000000
-0.05882329 0.61304277 1.64600003 1.000000
-0.05910652 0.62049407 1.65400004 1.000000
-0.05434799 0.60859591 1.64600003 1.000000
-0.05424639 0.61192805 1.64300013 1.000000
-0.05434297 0.61749536 1.64600003 1.000000
-0.04993048 0.60933793 1.64800012 1.000000
-0.04980693 0.61230284 1.64400005 1.000000
-0.04971378 0.61562192 1.64100003 1.000000
-0.04979832 0.63008469 1.64400005 1.000000
-0.04539171 0.60860062 1.64600003 1.000000
-0.04536199 0.61267757 1.64500010 1.000000
-0.04538749 0.61749989 1.64600003 1.000000
-0.04496997 0.62069303 1.63100004 1.000000
-0.04502327 0.62587070 1.63300014 1.000000
-0.04535234 0.63491958 1.64500010 1.000000
-0.04546091 0.64092463 1.64900005 1.000000
-0.03989634 0.58910507 1.60500002 1.000000
-0.04091349 0.60860270 1.64600003 1.000000
-0.04096127 0.61379689 1.64800012 1.000000
-0.04113336 0.62087822 1.65500009 1.000000
-0.04128066 0.62762010 1.66100013 1.000000
-0.04075701 0.62411988 1.64000010 1.000000
-0.04070563 0.62778872 1.63800013 1.000000
-0.04072887 0.63260537 1.63900006 1.000000
-0.04075219 0.63742816 1.64000010 1.000000
-0.03632456 0.60675585 1.64100003 1.000000
-0.03643351 0.61305380 1.64600003 1.000000
-0.03656463 0.61975449 1.65200007 1.000000
-0.03680647 0.62837750 1.66300011 1.000000
-0.03658358 0.62906879 1.65300012 1.000000
-0.03636076 0.62970656 1.64300013 1.000000
-0.03609376 0.62951910 1.63100004 1.000000
-0.03587110 0.63004464 1.62100005 1.000000
-0.03187929 0.60712725 1.64200008 1.000000
-0.03191659 0.61231047 1.64400005 1.000000
-0.03203160 0.61900574 1.65000010 1.000000
-0.03222430 0.62724549 1.66000009 1.000000
-0.03218409 0.63097298 1.65800011 1.000000
-0.03185278 0.62894142 1.64100003 1.000000
-0.03154096 0.62720460 1.62500012 1.000000
-0.03124863 0.62577051 1.61000013 1.000000
-0.02746192 0.60823792 1.64500010 1.000000
-0.02746061 0.61268437 1.64500010 1.000000
-0.02754280 0.61900711 1.65000010 1.000000
-0.02754157 0.62346810 1.65000010 1.000000
-0.02752369 0.62754917 1.64900005 1.000000
-0.02728889 0.62664306 1.63500011 1.000000
-0.02710422 0.62681973 1.62400007 1.000000
-0.02693629 0.62732631 1.61400008 1.000000
-0.02301423 0.60897863 1.64700007 1.000000
-0.02295724 0.61194068 1.64300013 1.000000
-0.02301206 0.61788285 1.64700007 1.000000
-0.02298309 0.62157995 1.64500010 1.000000
-0.02296813 0.62564749 1.64400005 1.000000
-0.02279953 0.62549430 1.63200009 1.000000
-0.02272878 0.62797862 1.62700009 1.000000
-0.02260218 0.62888193 1.61800003 1.000000
-0.01858939 0.61082846 1.65200007 1.000000
-0.01857724 0.61492121 1.65100002 1.000000
-0.01854263 0.61825895 1.64800012 1.000000
-0.01851930 0.62195873 1.64600003 1.000000
-0.01841724 0.62298441 1.63700008 1.000000
-0.01830397 0.62357879 1.62700009 1.000000
-0.01823575 0.62566364 1.62100005 1.000000
-0.01814505 0.62693924 1.61300004 1.000000
-0.01404347 0.60861069 1.64600003 1.000000
-0.01404279 0.61305970 1.64600003 1.000000
-0.01403361 0.61713415 1.64500010 1.000000
-0.01401592 0.62082589 1.64300013 1.000000
-0.01388736 0.61955994 1.62800002 1.000000
-0.01383560 0.62166303 1.62200010 1.000000
-0.01380093 0.62450629 1.61800003 1.000000
-0.01381746 0.62966061 1.62000012 1.000000
-0.01374020 0.63052136 1.61100006 1.000000
-0.00953599 0.60676253 1.64100003 1.000000
-0.00957621 0.61380523 1.64800012 1.000000
-0.00959320 0.61938560 1.65100002 1.000000
-0.00956372 0.62195992 1.64600003 1.000000
-0.00942967 0.61765766 1.62300003 1.000000
-0.00938861 0.61936390 1.61600006 1.000000
-0.00941147 0.62527871 1.62000012 1.000000
-0.00946340 0.63315916 1.62900007 1.000000
-0.00938753 0.63247871 1.61600006 1.000000
-0.00506808 0.60639316 1.64000010 1.000000
-0.00508638 0.61306059 1.64600003 1.000000
-0.00510159 0.61938596 1.65100002 1.000000
-0.00511372 0.62536103 1.65500009 1.000000
-0.00501772 0.61803854 1.62400007 1.000000
-0.00497734 0.61744785 1.61100006 1.000000
-0.00498950 0.62334913 1.61500013 1.000000
-0.00502329 0.63199341 1.62600005 1.000000
-0.00483450 0.61675346 1.56500006 1.000000
-0.00060893 0.60935134 1.64800012 1.000000
-0.00060853 0.61343324 1.64700007 1.000000
-0.00061071 0.62013638 1.65300012 1.000000
-0.00061438 0.62838405 1.66300011 1.000000
-0.00060512 0.62336659 1.63800013 1.000000
-0.00059697 0.61936432 1.61600006 1.000000
0.00387965 0.61009073 1.65000010 1.000000
0.00387006 0.61306065 1.64600003 1.000000
0.00386988 0.61751020 1.64600003 1.000000
0.00392378 0.63065118 1.66900003 1.000000
0.00387895 0.62793332 1.65000010 1.000000
0.00382237 0.62319696 1.62600005 1.000000
0.00836390 0.60972071 1.64900005 1.000000
0.00835335 0.61343282 1.64700007 1.000000
0.00834789 0.61750996 1.64600003 1.000000
0.00837795 0.62422723 1.65200007 1.000000
0.00848408 0.63668609 1.67300010 1.000000
0.00862571 0.65194201 1.70100009 1.000000
0.01271863 0.59902364 1.63200009 1.000000
0.01280372 0.60750163 1.64300013 1.000000
0.01288103 0.61566710 1.65300012 1.000000
0.01288044 0.62013561 1.65300012 1.000000
0.01299674 0.63027257 1.66800010 1.000000
0.01302734 0.63630497 1.67200005 1.000000
0.01294889 0.63699394 1.66200006 1.000000
0.01731688 0.60452855 1.64700007 1.000000
0.01722140 0.60565215 1.63800013 1.000000
0.01734674 0.61454904 1.65000010 1.000000
0.01739849 0.62088525 1.65500009 1.000000
0.01743976 0.62687111 1.65900004 1.000000
0.01722877 0.62374568 1.63900006 1.000000
0.02185007 0.61045796 1.65100002 1.000000
0.02184903 0.61492056 1.65100002 1.000000
0.02184801 0.61938363 1.65100002 1.000000
0.02191320 0.62573671 1.65600014 1.000000
0.02181963 0.62755048 1.64900005 1.000000
0.02629292 0.61380208 1.64800012 1.000000
0.02627575 0.61788195 1.64700007 1.000000
0.02624267 0.62157923 1.64500010 1.000000
0.02619368 0.62488556 1.64200008 1.000000
0.03073914 0.61305577 1.64600003 1.000000
0.03071905 0.61713040 1.64500010 1.000000
0.03058697 0.61893296 1.63800013 1.000000
0.03036158 0.61879534 1.62600005 1.000000
0.03508886 0.61081952 1.64000010 1.000000
0.03515143 0.61637855 1.64300013 1.000000
0.03502150 0.61855358 1.63700008 1.000000
0.03979176 0.61454231 1.65000010 1.000000
0.03974170 0.61825264 1.64800012 1.000000
0.03966760 0.62157488 1.64500010 1.000000
0.04005171 0.63211209 1.66100013 1.000000
0.04449536 0.61751992 1.65800011 1.000000
0.04419813 0.61787558 1.64700007 1.000000
0.04422301 0.62270659 1.64800012 1.000000
0.04432845 0.62868530 1.65200007 1.000000
0.04858996 0.61674809 1.64400005 1.000000
0.04864692 0.62194884 1.64600003 1.000000
0.04879262 0.62830269 1.65100002 1.000000
0.04941123 0.64081657 1.67200005 1.000000
0.05296541 0.61562026 1.64100003 1.000000
0.05318902 0.62270236 1.64800012 1.000000
0.05334813 0.62906182 1.65300012 1.000000
0.05408821 0.64234757 1.67600012 1.000000
0.05395702 0.64533734 1.67200005 1.000000
0.05781708 0.61527818 1.65200007 1.000000
0.05770947 0.61861908 1.64900005 1.000000
0.05781192 0.62421137 1.65200007 1.000000
0.05885691 0.64464492 1.68200004 1.000000
0.05811981 0.64108962 1.66100013 1.000000
0.06200947 0.61229587 1.64400005 1.000000
0.06181808 0.61486489 1.63900006 1.000000
0.06177768 0.61891896 1.63800013 1.000000
0.06177508 0.62334865 1.63800013 1.000000
0.06293923 0.64417505 1.66900003 1.000000
0.06599651 0.60782361 1.63200009 1.000000
0.06607442 0.61298633 1.63400006 1.000000
0.06599068 0.61664909 1.63200009 1.000000
0.07026348 0.60633075 1.62800002 1.000000
0.07047612 0.61260825 1.63300014 1.000000
0.07042992 0.61664617 1.63200009 1.000000
0.07492153 0.60818964 1.63300014 1.000000
0.07514758 0.61448073 1.63800013 1.000000
0.07500672 0.61777663 1.63500011 1.000000
0.07926652 0.60744131 1.63100004 1.000000
0.07950599 0.61372703 1.63600004 1.000000
0.07906524 0.61475068 1.62700009 1.000000
0.08524279 0.61861062 1.66100013 1.000000
0.08467454 0.61897540 1.65000010 1.000000
0.08374725 0.61663646 1.63200009 1.000000
0.08997715 0.62009645 1.66500008 1.000000
0.08975706 0.62309813 1.66100013 1.000000
0.08915888 0.62343401 1.65000010 1.000000
0.08861492 0.62409151 1.64000010 1.000000
0.09410880 0.61748534 1.65800011 1.000000
0.09410471 0.62196887 1.65800011 1.000000
0.09398726 0.62569726 1.65600014 1.000000
0.09517528 0.63816792 1.67700005 1.000000
0.09420683 0.63618952 1.66000009 1.000000
0.09784979 0.60819161 1.64500010 1.000000
0.09814283 0.61450166 1.65000010 1.000000
0.09825754 0.61971396 1.65200007 1.000000
0.09878873 0.62758249 1.66100013 1.000000
0.09979581 0.63854462 1.67800009 1.000000
0.10231984 0.61263520 1.64500010 1.000000
0.10275083 0.61970973 1.65200007 1.000000
0.10268438 0.62379998 1.65100002 1.000000
0.10940079 0.61841518 1.68500006 1.000000
0.10770778 0.61335844 1.65900004 1.000000
0.10718367 0.61486512 1.65100002 1.000000
0.10691945 0.61782968 1.64700007 1.000000
0.10672031 0.62115103 1.64400005 1.000000
0.10502838 0.61570442 1.61800003 1.000000
0.11460385 0.61255378 1.69400012 1.000000
0.11412477 0.61458296 1.68700004 1.000000
0.11432236 0.62024498 1.69000006 1.000000
0.11228789 0.61372322 1.66000009 1.000000
0.11140366 0.61337072 1.64700007 1.000000
0.11112840 0.61632460 1.64300013 1.000000
0.11071806 0.61850184 1.63700008 1.000000
0.11794520 0.60603923 1.67600012 1.000000
0.12082473 0.62550658 1.71700013 1.000000
0.11567716 0.60780275 1.64400005 1.000000
0.11602394 0.61411071 1.64900005 1.000000
0.11580800 0.61744529 1.64600003 1.000000
0.11580332 0.62189776 1.64600003 1.000000
0.11551744 0.62482882 1.64200008 1.000000
0.12072808 0.61522287 1.65200007 1.000000
0.12079615 0.62006629 1.65300012 1.000000
0.12071825 0.62416005 1.65200007 1.000000
0.12529685 0.61559016 1.65300012 1.000000
0.12529169 0.62006128 1.65300012 1.000000
0.12513512 0.62377739 1.65100002 1.000000
0.12971389 0.61521238 1.65200007 1.000000
0.12955156 0.61893088 1.65000010 1.000000
0.12907541 0.62112778 1.64400005 1.000000
0.13009118 0.63052285 1.65700006 1.000000
0.13331302 0.61111051 1.64100003 1.000000
0.13371380 0.61742514 1.64600003 1.000000
0.13370861 0.62187839 1.64600003 1.000000
0.13532823 0.63394272 1.66600013 1.000000
0.13556710 0.63960111 1.66900003 1.000000
0.13895115 0.61631858 1.65500009 1.000000
0.13886164 0.62042063 1.65400004 1.000000
0.13894026 0.62527359 1.65500009 1.000000
0.13952279 0.63241565 1.66200006 1.000000
0.13901423 0.63461459 1.65600014 1.000000
0.13825408 0.63562387 1.64700007 1.000000
0.14492537 0.62264353 1.67200005 1.000000
0.14509298 0.62791711 1.67400002 1.000000
0.14517415 0.63282442 1.67500007 1.000000
0.14551555 0.63887930 1.67900014 1.000000
0.14351721 0.63460976 1.65600014 1.000000
0.14307915 0.63716298 1.65100002 1.000000
0.14974035 0.62375480 1.67500007 1.000000
0.14964509 0.62791139 1.67400002 1.000000
0.15053341 0.63621920 1.68400013 1.000000
0.14756835 0.63715839 1.65100002 1.000000
0.15337403 0.62002480 1.66500008 1.000000
0.15299965 0.62302947 1.66100013 1.000000
0.15373085 0.63054657 1.66900003 1.000000
0.15790786 0.61551428 1.66500008 1.000000
0.15704805 0.61666733 1.65600014 1.000000
0.15628339 0.61814743 1.64800012 1.000000
0.16127126 0.60659993 1.65300012 1.000000
0.16185002 0.61328971 1.65900004 1.000000
0.16184367 0.61777830 1.65900004 1.000000
0.16183753 0.62226748 1.65900004 1.000000
0.16316563 0.59265095 1.62700009 1.000000
0.16436219 0.60145563 1.63900006 1.000000
0.16565917 0.61069554 1.65200007 1.000000
0.16725713 0.62112343 1.66800010 1.000000
0.16775227 0.62751263 1.67300010 1.000000
0.17066607 0.61253721 1.65700006 1.000000
0.17210144 0.62223411 1.67100012 1.000000
0.17250709 0.62825668 1.67500007 1.000000
0.17611627 0.62036580 1.66600013 1.000000
0.17568706 0.62337446 1.66200006 1.000000
0.17891772 0.60993618 1.65000010 1.000000
0.17934477 0.61589086 1.65400004 1.000000
0.17890467 0.61886734 1.65000010 1.000000
0.18195884 0.60512376 1.63700008 1.000000
0.18306364 0.61327773 1.64700007 1.000000
0.18316835 0.61811090 1.64800012 1.000000
0.18449593 0.62710565 1.66000009 1.000000
0.18538463 0.60179007 1.62800002 1.000000
0.18754144 0.61327112 1.64700007 1.000000
0.18833198 0.62035489 1.65400004 1.000000
0.19097660 0.60547966 1.63800013 1.000000
0.19306840 0.61661559 1.65600014 1.000000
0.19341156 0.62222379 1.65900004 1.000000
0.19865137 0.64371526 1.70400012 1.000000
0.19733872 0.61138695 1.65400004 1.000000
0.19804765 0.61809832 1.66000009 1.000000
0.19851823 0.62409270 1.66400003 1.000000
0.20317756 0.61544585 1.66500008 1.000000
0.20341460 0.62069792 1.66700006 1.000000
0.20304185 0.62408620 1.66400003 1.000000
0.20658113 0.61211199 1.65600014 1.000000
0.20657414 0.61659527 1.65600014 1.000000
0.20706642 0.62257946 1.66000009 1.000000
0.21133076 0.61733305 1.65800011 1.000000
0.21132408 0.62182295 1.65800011 1.000000
0.21467316 0.60951024 1.64900005 1.000000
0.21544725 0.61620927 1.65500009 1.000000
0.21544057 0.62069124 1.65500009 1.000000
0.22088335 0.61430812 1.66200006 1.000000
0.22087629 0.61880869 1.66200006 1.000000
0.22060379 0.62255991 1.66000009 1.000000
0.22540106 0.61430091 1.66200006 1.000000
0.22580086 0.61991876 1.66500008 1.000000
0.22443804 0.62067825 1.65500009 1.000000
0.22937270 0.60832554 1.65800011 1.000000
0.23019533 0.61503285 1.66400003 1.000000
0.23046495 0.62028420 1.66600013 1.000000
0.23018162 0.62404704 1.66400003 1.000000
0.23869146 0.61162984 1.69200003 1.000000
0.23388700 0.60382843 1.65800011 1.000000
0.23402034 0.60868484 1.65900004 1.000000
0.23429507 0.61391687 1.66100013 1.000000
0.23457018 0.61916047 1.66300011 1.000000
0.24430554 0.60955220 1.69900012 1.000000
0.24113356 0.60619932 1.67700005 1.000000
0.24026269 0.60855490 1.67100012 1.000000
0.23881713 0.60941112 1.66100013 1.000000
0.23895355 0.61427927 1.66200006 1.000000
0.23822768 0.61691970 1.65700006 1.000000
0.24495903 0.60438365 1.67200005 1.000000
0.24801958 0.62114394 1.69300008 1.000000
0.24420330 0.61612010 1.66700006 1.000000
0.24390337 0.61989146 1.66500008 1.000000
0.24962938 0.61833054 1.67300010 1.000000
0.24887641 0.62100160 1.66800010 1.000000
0.25125712 0.63152164 1.68400013 1.000000
0.25372061 0.61721468 1.67000008 1.000000
0.25416952 0.62285644 1.67300010 1.000000
0.25188422 0.62176508 1.65800011 1.000000
0.25081477 0.62361491 1.65100002 1.000000
0.25872335 0.61831635 1.67300010 1.000000
0.25794330 0.62098825 1.66800010 1.000000
0.25669983 0.62250888 1.66000009 1.000000
0.25159097 0.61454409 1.62700009 1.000000
0.26358494 0.61904860 1.67500007 1.000000
0.26326346 0.62284321 1.67300010 1.000000
0.26152623 0.62325281 1.66200006 1.000000
0.26089099 0.62624758 1.65800011 1.000000
0.26781699 0.61830246 1.67300010 1.000000
0.26717001 0.62134755 1.66900003 1.000000
0.26684368 0.62512177 1.66700006 1.000000
0.27138695 0.61607820 1.66700006 1.000000
0.27121761 0.62022436 1.66600013 1.000000
