-0.47274548 -0.00500139 1.66500008 0.000000
-0.46796149 -0.00499878 1.66400003 0.000000
-0.46290332 -0.00952539 1.66200006 0.000000
-0.46151125 -0.00497815 1.65700006 0.000000
-0.46061313 -0.01412639 1.67000008 0.000000
-0.45730427 -0.00950322 1.65800011 0.000000
-0.45675325 -0.00497554 1.65600014 0.000000
-0.45391029 -0.01405984 1.66200006 0.000000
-0.45254561 -0.00949825 1.65700006 0.000000
-0.45008820 -0.00495190 1.64800012 0.000000
-0.45103577 -0.01411173 1.66800010 0.000000
-0.45049596 -0.00955061 1.66600013 0.000000
-0.44866365 -0.01418055 1.67600012 0.000000
-0.44946772 -0.00962591 1.67900014 0.000000
-0.44412762 -0.01418170 1.67600012 0.000000
-0.44598356 -0.00964962 1.68300009 0.000000
-0.43644354 -0.01408130 1.66400003 0.000000
-0.43749362 -0.00956439 1.66800010 0.000000
-0.43193743 -0.01862262 1.66400003 0.000000
-0.42960259 -0.01400627 1.65500009 0.000000
-0.42908436 -0.00947915 1.65300012 0.000000
-0.43051445 -0.01875844 1.67600012 0.000000
-0.42743328 -0.01408359 1.66400003 0.000000
-0.43231484 -0.00965197 1.68300009 0.000000
-0.42974693 -0.00046428 1.67300010 0.000000
-0.42800906 -0.01884951 1.68400013 0.000000
-0.42699376 -0.01422017 1.68000007 0.000000
-0.43309551 -0.00047292 1.70400012 0.000000
-0.42395091 -0.01887344 1.68600011 0.000000
-0.42344937 -0.01425519 1.68400013 0.000000
-0.41863754 -0.01884139 1.68300009 0.000000
-0.41814139 -0.01423095 1.68100011 0.000000
-0.42261982 -0.00974611 1.69900012 0.000000
-0.41333967 -0.01880934 1.68000007 0.000000
-0.41211084 -0.01418131 1.67500007 0.000000
-0.41358805 -0.00964365 1.68100011 0.000000
-0.40951729 -0.01884447 1.68300009 0.000000
-0.40903199 -0.01423328 1.68100011 0.000000
-0.40615910 -0.01890200 1.68800008 0.000000
-0.40543863 -0.01426831 1.68500006 0.000000
-0.40158355 -0.01890354 1.68800008 0.000000
-0.40087116 -0.01426947 1.68500006 0.000000
-0.40848517 -0.00985259 1.71700013 0.000000
-0.39465529 -0.01879309 1.67800009 0.000000
-0.39418626 -0.01419442 1.67600012 0.000000
-0.38940781 -0.01876101 1.67500007 0.000000
-0.38940915 -0.01418710 1.67500007 0.000000
-0.38578424 -0.01880735 1.67900014 0.000000
-0.38624516 -0.01423908 1.68100011 0.000000
-0.38168409 -0.01883128 1.68100011 0.000000
-0.38282073 -0.01428260 1.68600011 0.000000
-0.39213112 -0.00991320 1.72700012 0.000000
-0.37734789 -0.01884401 1.68200004 0.000000
-0.37914398 -0.01431764 1.69000006 0.000000
-0.37898776 -0.02383019 1.71000004 0.000000
-0.37344867 -0.01887914 1.68500006 0.000000
-0.37500149 -0.01433574 1.69200003 0.000000
-0.36887398 -0.02348369 1.68500006 0.000000
-0.36865678 -0.01886946 1.68400013 0.000000
-0.36931488 -0.01429453 1.68700004 0.000000
-0.36451632 -0.02349951 1.68600011 0.000000
-0.36386943 -0.01885977 1.68300009 0.000000
-0.35993889 -0.02350139 1.68600011 0.000000
-0.36015409 -0.01890611 1.68700004 0.000000
-0.36399820 -0.01444937 1.70500004 0.000000
-0.35704848 -0.01898607 1.69400012 0.000000
-0.35203156 -0.01896516 1.69200003 0.000000
-0.34640861 -0.01891061 1.68700004 0.000000
-0.34121555 -0.02348095 1.68400013 0.000000
-0.34141982 -0.01888968 1.68500006 0.000000
-0.33563980 -0.02341307 1.67900014 0.000000
-0.33664098 -0.01887995 1.68400013 0.000000
-0.33206025 -0.02808774 1.68400013 0.000000
-0.33087912 -0.02340094 1.67800009 0.000000
-0.33344415 -0.01895990 1.69100010 0.000000
-0.32962140 -0.02827340 1.69500005 0.000000
-0.32826215 -0.02354222 1.68800008 0.000000
-0.32405394 -0.02819216 1.69000006 0.000000
-0.32443947 -0.02359982 1.69200003 0.000000
-0.32097021 -0.02832778 1.69800007 0.000000
-0.32078314 -0.02367137 1.69700003 0.000000
-0.32248601 -0.01913250 1.70600009 0.000000
-0.31709680 -0.02839666 1.70200002 0.000000
-0.31504935 -0.02358947 1.69100010 0.000000
-0.31710038 -0.01908909 1.70200002 0.000000
-0.32902560 -0.01497801 1.76600003 0.000000
-0.31448358 -0.03326642 1.71300006 0.000000
-0.31301716 -0.02844886 1.70500004 0.000000
-0.31228480 -0.02373075 1.70100009 0.000000
-0.31173563 -0.01904567 1.69800007 0.000000
-0.31235188 -0.03826341 1.72700012 0.000000
-0.30982244 -0.03326891 1.71300006 0.000000
-0.30873951 -0.02848436 1.70700014 0.000000
-0.30928406 -0.02385810 1.71000004 0.000000
-0.30512691 -0.01431013 1.68700004 0.000000
-0.31014270 -0.04333755 1.74100006 0.000000
-0.30497959 -0.03793387 1.71200013 0.000000
-0.30426964 -0.03317425 1.70800006 0.000000
-0.30391565 -0.02846978 1.70600009 0.000000
-0.30031645 -0.04261879 1.71200013 0.000000
-0.29979318 -0.03787018 1.70900011 0.000000
-0.29944488 -0.03315726 1.70700014 0.000000
-0.29874548 -0.02842180 1.70300007 0.000000
-0.22275451 -0.06664185 1.72600007 0.000000
-0.22043763 -0.07215617 1.74500012 0.000000
-0.22359985 -0.06834471 1.77000010 0.000000
-0.21591914 -0.07224301 1.74700010 0.000000
-0.21382198 -0.06680403 1.73000014 0.000000
-0.21030121 -0.07195759 1.74000013 0.000000
-0.20704530 -0.06146134 1.71300006 0.000000
-0.20318380 -0.05110784 1.68100011 0.000000
-0.20448047 -0.07632831 1.73100007 0.000000
-0.20095102 -0.05637658 1.70100009 0.000000
-0.19076659 -0.05026208 1.65300012 0.000000
-0.18230553 -0.04920048 1.61800003 0.000000
-0.16573295 -0.05971812 1.54600012 0.000000
-0.17527124 0.06672262 1.63500011 0.000000
-0.17655411 0.07172232 1.64700007 0.000000
-0.17622882 0.07609317 1.64400005 0.000000
-0.17842291 -0.07533372 1.70800006 0.000000
-0.16925181 0.03505372 1.62000012 0.000000
-0.16924995 0.03949142 1.62000012 0.000000
-0.17175038 0.05358580 1.64400005 0.000000
-0.17164314 0.05805318 1.64300013 0.000000
-0.17226696 0.06278136 1.64900005 0.000000
-0.17142804 0.06697083 1.64100003 0.000000
-0.17215586 0.07176945 1.64800012 0.000000
-0.17130761 -0.07889020 1.68400013 0.000000
-0.17232858 -0.07471988 1.69400012 0.000000
-0.15962157 -0.05631530 1.56900012 0.000000
-0.16472639 0.00842045 1.61900008 0.000000
-0.16421431 0.02608225 1.61400008 0.000000
-0.16390771 0.03044729 1.61100006 0.000000
-0.16421135 0.03492561 1.61400008 0.000000
-0.16512521 0.03956649 1.62300003 0.000000
-0.16541184 -0.08286063 1.67100012 0.000000
-0.16412872 -0.07767588 1.65800011 0.000000
-0.16027150 -0.07141513 1.61900008 0.000000
-0.15690887 -0.06557460 1.58500004 0.000000
-0.15621887 -0.06096314 1.57800007 0.000000
-0.15632068 -0.05667694 1.57900012 0.000000
-0.16019933 0.00841565 1.61800003 0.000000
-0.15554777 -0.08013703 1.61600006 0.000000
-0.15497380 -0.07543062 1.61000013 0.000000
-0.15266694 -0.06996274 1.58600008 0.000000
-0.15209249 -0.06537078 1.58000004 0.000000
-0.15248045 -0.06119779 1.58400011 0.000000
-0.15325329 -0.05714623 1.59200013 0.000000
-0.15248570 -0.05252010 1.58400011 0.000000
-0.14541171 -0.08988903 1.55500007 0.000000
-0.14625725 -0.08612715 1.56400013 0.000000
-0.14785078 -0.08273429 1.58100009 0.000000
-0.14878957 -0.07890086 1.59100008 0.000000
-0.14879298 -0.07454382 1.59100008 0.000000
-0.14870271 -0.07014237 1.59000003 0.000000
-0.15038921 -0.06653228 1.60800004 0.000000
-0.15029858 -0.06208922 1.60700011 0.000000
-0.15104949 -0.05797447 1.61500013 0.000000
-0.14025034 -0.08931488 1.54500008 0.000000
-0.14225124 -0.08629613 1.56700003 0.000000
-0.14325351 -0.08258092 1.57800007 0.000000
-0.14298463 -0.07811081 1.57500005 0.000000
-0.15034489 -0.07305717 1.65600014 0.000000
-0.15216377 -0.06934890 1.67600012 0.000000
-0.15280224 -0.06502850 1.68300009 0.000000
-0.15026277 -0.05941301 1.65500009 0.000000
-0.13619962 -0.08943431 1.54700005 0.000000
-0.14060546 -0.08795203 1.59700012 0.000000
-0.13911229 -0.08268912 1.58000004 0.000000
-0.14881361 -0.06530178 1.69000006 0.000000
-0.14775962 -0.06024129 1.67800009 0.000000
-0.12982669 -0.09632696 1.52200007 0.000000
-0.13034235 -0.09252331 1.52800012 0.000000
-0.12730940 -0.10181817 1.54200006 0.000000
-0.12640510 -0.09690045 1.53100002 0.000000
-0.12476192 -0.10748757 1.56300008 0.000000
-0.12396771 -0.10254849 1.55300009 0.000000
-0.12071563 -0.10769792 1.56600010 0.000000
-0.11716893 -0.11270381 1.57600009 0.000000
-0.11590894 -0.10722040 1.55900002 0.000000
-0.11372560 -0.01299916 1.52900004 0.000000
-0.11439542 -0.00886006 1.53800011 0.000000
-0.11206730 -0.11192107 1.56500006 0.000000
-0.11135498 -0.10694905 1.55500007 0.000000
-0.10910937 -0.00459928 1.52300012 0.000000
-0.10736609 -0.11576330 1.55900002 0.000000
-0.10654339 -0.11063755 1.54700005 0.000000
-0.10434306 -0.10420149 1.51500010 0.000000
-0.10217574 -0.11049811 1.54500008 0.000000
-0.08309735 -0.11184453 1.50600004 0.000000
-0.08147641 0.02085598 1.55300009 0.000000
-0.08226276 0.02535616 1.56800008 0.000000
-0.07761780 0.02524361 1.56100011 0.000000
0.19444901 -0.09354337 1.61900008 0.000000
0.24781832 -0.11038491 1.74600005 0.000000
0.25559866 -0.10383975 1.64300013 0.000000
0.26276010 -0.10944529 1.66000009 0.000000
0.26023453 -0.10389602 1.64400005 0.000000
0.27274990 -0.11630986 1.69400012 0.000000
0.26245978 -0.10300434 1.63000011 0.000000
0.27868229 -0.11219923 1.70200002 0.000000
0.28215289 -0.11173011 1.69500005 0.000000
0.26884317 -0.10204248 1.61500013 0.000000
0.28879902 -0.11251333 1.70700014 0.000000
0.29654109 -0.11369181 1.72500002 0.000000
0.26495811 -0.06786495 1.54100013 0.000000
0.26186785 -0.06290782 1.52300012 0.000000
0.26565498 -0.05959174 1.54500008 0.000000
0.26789445 -0.05583262 1.55800009 0.000000
0.26789829 -0.05157188 1.55800009 0.000000
0.27220967 -0.03508135 1.58300006 0.000000
0.27427763 -0.02662183 1.59500003 0.000000
0.26914850 -0.07207319 1.54100013 0.000000
0.26618430 -0.06711145 1.52400005 0.000000
0.26653829 -0.06302720 1.52600002 0.000000
0.27528036 -0.05647359 1.57600009 0.000000
0.28194124 -0.02252247 1.61400008 0.000000
0.27722734 -0.01346413 1.58700013 0.000000
0.27827626 -0.00915776 1.59300005 0.000000
0.31266299 -0.12099699 1.76300013 0.000000
0.28172496 -0.01347163 1.58800006 0.000000
0.28314504 -0.00917434 1.59600008 0.000000
0.28687117 -0.00487242 1.61700010 0.000000
0.28766966 0.00392343 1.59700012 0.000000
0.32207438 -0.12091097 1.76200008 0.000000
0.29219830 0.00392560 1.59800005 0.000000
0.29128358 0.00826965 1.59300005 0.000000
0.29784378 0.01272012 1.60500002 0.000000
0.30266753 0.01738603 1.63100004 0.000000
0.34294406 -0.12998660 1.82200015 0.000000
0.33758759 -0.12612483 1.76800013 0.000000
0.31096357 0.02625317 1.62800002 0.000000
0.33813372 -0.12454617 1.74600005 0.000000
0.31384054 0.02612216 1.62000012 0.000000
0.31480697 0.03064499 1.62500012 0.000000
0.34170148 -0.12410894 1.74000013 0.000000
0.32040086 0.03521395 1.63100004 0.000000
0.33607724 -0.12039091 1.68800008 0.000000
0.32204294 0.03932843 1.61700010 0.000000
0.34590182 -0.12691571 1.71400011 0.000000
0.32643726 0.03932537 1.61700010 0.000000
0.32481903 0.04352794 1.60900009 0.000000
0.35935295 -0.13008991 1.75700009 0.000000
0.33819291 0.04471476 1.65300012 0.000000
0.33737087 0.04911251 1.64900005 0.000000
0.37344098 -0.13833043 1.80200005 0.000000
0.37096441 -0.13252321 1.79000008 0.000000
0.34330162 0.04931713 1.65600014 0.000000
0.34267560 0.05374416 1.65300012 0.000000
0.35094562 0.05432512 1.67100012 0.000000
0.35178122 0.05903113 1.67500007 0.000000
0.35782337 0.05467841 1.68200004 0.000000
0.35930806 0.05951981 1.68900013 0.000000
0.39221206 -0.13975704 1.82100010 0.000000
0.36260098 0.05930367 1.68300009 0.000000
0.36760589 0.05936943 1.68500006 0.000000
0.36598450 0.06742844 1.65700006 0.000000
0.36511481 0.06644651 1.63300014 0.000000
0.37405258 0.07264226 1.67300010 0.000000
0.42123115 -0.15301873 1.86200011 0.000000
0.37564972 0.07207204 1.66000009 0.000000
0.41826895 -0.15013090 1.82700014 0.000000
0.38129765 0.07228335 1.66500008 0.000000
0.37785661 0.07613660 1.65000010 0.000000
0.38256332 0.07617664 1.65100002 0.000000
0.42861509 -0.15346551 1.80800009 0.000000
0.43336818 -0.15017833 1.82800007 0.000000
0.44359869 -0.15197401 1.85000014 0.000000
0.38974962 0.07939361 1.62500012 0.000000
0.40554020 0.09080777 1.67200005 0.000000
0.41056159 0.09090915 1.67400002 0.000000
0.40616319 0.09341545 1.63800013 0.000000
0.41711798 0.09489068 1.66400003 0.000000
0.41259825 0.09835389 1.64600003 0.000000
0.42719173 0.10073604 1.68600011 0.000000
0.48158464 -0.16470268 1.88100004 0.000000
0.47673237 -0.15796423 1.86200011 0.000000
0.43815988 0.10222168 1.71100008 0.000000
0.48512587 -0.16416486 1.87500012 0.000000
0.48099825 -0.15769768 1.85900009 0.000000
0.48943052 -0.15878838 1.87200010 0.000000
0.43380243 0.11150604 1.64200008 0.000000
0.43504411 0.11068256 1.63000011 0.000000
0.43236649 0.11441934 1.62000012 0.000000
0.51564658 -0.17786446 1.91300011 0.000000
0.49463430 -0.16561340 1.83500004 0.000000
0.50246382 -0.16315252 1.86400008 0.000000
0.43864679 0.11047032 1.62700009 0.000000
0.43971649 0.11518740 1.63100004 0.000000
0.53360617 -0.18755953 1.96000004 0.000000
0.53225845 -0.18175600 1.95500004 0.000000
0.51811415 -0.17173779 1.90300012 0.000000
0.51485950 -0.16550338 1.89100003 0.000000
0.44494703 0.11539042 1.63400006 0.000000
0.44956717 0.12109035 1.65100002 0.000000
0.53616029 -0.18658890 1.95000005 0.000000
0.53342426 -0.18034819 1.94000006 0.000000
0.52931285 -0.17371035 1.92500007 0.000000
0.52465099 -0.16697887 1.90800011 0.000000
0.53920162 -0.19109850 1.94200015 0.000000
0.53810459 -0.18542716 1.93800008 0.000000
0.53589660 -0.17940541 1.93000007 0.000000
0.53341049 -0.17333663 1.92100012 0.000000
0.53009093 -0.16705400 1.90900004 0.000000
0.54472220 -0.19647381 1.94300008 0.000000
0.54137182 -0.19000238 1.93100011 0.000000
0.54026383 -0.18436131 1.92700005 0.000000
0.53803402 -0.17836989 1.91900015 0.000000
0.53580379 -0.17242168 1.91100013 0.000000
0.53385353 -0.16660419 1.90400004 0.000000
1.33992732 0.29827738 4.77800035 0.000000
0.54714799 -0.19544868 1.93300009 0.000000
0.54659557 -0.18998875 1.93100011 0.000000
0.54660898 -0.18473069 1.93100011 0.000000
0.54265904 -0.17817108 1.91700006 0.000000
0.54182243 -0.17267977 1.91400003 0.000000
0.54866195 -0.19412050 1.92000008 0.000000
0.54867542 -0.18889302 1.92000008 0.000000
0.55011761 -0.18414351 1.92500007 0.000000
0.54898745 -0.17852999 1.92100012 0.000000
0.54557061 -0.17221621 1.90900004 0.000000
0.54586864 -0.16710481 1.91000009 0.000000
0.55068195 -0.19299476 1.90900004 0.000000
0.55098379 -0.18789592 1.91000009 0.000000
0.55215079 -0.18307826 1.91400003 0.000000
0.54985577 -0.17712331 1.90600014 0.000000
0.54986823 -0.17193322 1.90600014 0.000000
0.54872644 -0.16639289 1.90200007 0.000000
0.54827464 -0.19035299 1.88300014 0.000000
0.55440241 -0.18729255 1.90400004 0.000000
0.55208588 -0.18134373 1.89600015 0.000000
0.55238968 -0.17627443 1.89700007 0.000000
0.55065477 -0.17056794 1.89100003 0.000000
0.54028088 -0.24093658 1.83900011 0.000000
0.53794569 -0.23490794 1.83100009 0.000000
0.55017209 -0.17393914 1.87200010 0.000000
0.55047798 -0.16893241 1.87300014 0.000000
0.54436582 -0.24052832 1.83600008 0.000000
0.55179352 -0.23874159 1.86100006 0.000000
0.55714571 -0.23593952 1.87900007 0.000000
0.55981898 -0.24000929 1.87100005 0.000000
0.56162930 -0.23567337 1.87700009 0.000000
0.56134486 -0.23044458 1.87600005 0.000000
0.58075655 -0.12740473 1.94000006 0.000000
0.56910616 -0.24179012 1.88500011 0.000000
0.56912100 -0.23666292 1.88500011 0.000000
0.56792802 -0.23104411 1.88100004 0.000000
0.56824440 -0.22604725 1.88200009 0.000000
0.56765491 -0.22069244 1.88000011 0.000000
0.55599427 -0.17102322 1.84100008 0.000000
0.58840770 -0.13322636 1.94800007 0.000000
0.58690673 -0.12759258 1.94300008 0.000000
0.58268678 -0.12141932 1.92900014 0.000000
0.57269573 -0.23602052 1.88000011 0.000000
0.57057780 -0.23004705 1.87300014 0.000000
0.57120132 -0.22519225 1.87500012 0.000000
0.57273865 -0.22067836 1.88000011 0.000000
0.57640839 -0.21693958 1.89200008 0.000000
0.57672673 -0.21190381 1.89300013 0.000000
0.56919849 -0.17351966 1.86800003 0.000000
0.58322704 -0.17258254 1.91400003 0.000000
0.58238745 -0.13589068 1.91100013 0.000000
0.58666348 -0.13164401 1.92500007 0.000000
0.58758700 -0.12659854 1.92800009 0.000000
0.58820522 -0.12147354 1.93000007 0.000000
0.57687205 -0.23052403 1.87700009 0.000000
0.57350528 -0.22409728 1.86600006 0.000000
0.57628530 -0.22007757 1.87500012 0.000000
0.57875794 -0.21589391 1.88300014 0.000000
0.58092296 -0.21155444 1.89000010 0.000000
0.57878470 -0.20564760 1.88300014 0.000000
0.57726091 -0.19999152 1.87800014 0.000000
0.57081860 -0.19270203 1.85700011 0.000000
0.56529784 -0.18582964 1.83900011 0.000000
0.57545418 -0.18406963 1.87200010 0.000000
0.57761806 -0.17964400 1.87900007 0.000000
0.58008909 -0.17527281 1.88700008 0.000000
0.56904465 -0.16185205 1.85100007 0.000000
0.58078849 -0.13431686 1.88900006 0.000000
0.58540958 -0.13019875 1.90400004 0.000000
0.58664846 -0.12527643 1.90800011 0.000000
0.57915717 -0.22940461 1.86800003 0.000000
0.57731074 -0.22360308 1.86200011 0.000000
0.58104509 -0.21994649 1.87400007 0.000000
0.58291900 -0.21553640 1.88000011 0.000000
0.58417267 -0.21086949 1.88400006 0.000000
0.58170515 -0.20487006 1.87600005 0.000000
0.58233821 -0.19997869 1.87800014 0.000000
0.57026941 -0.18581754 1.83900011 0.000000
0.57679355 -0.18287773 1.86000013 0.000000
0.58517826 -0.18039693 1.88700008 0.000000
0.57526624 -0.17228907 1.85500014 0.000000
0.57372689 -0.16678934 1.85000014 0.000000
0.56846565 -0.16026735 1.83300006 0.000000
0.57782960 -0.13245897 1.86300004 0.000000
0.58156055 -0.12820674 1.87500012 0.000000
0.58312017 -0.12342938 1.88000011 0.000000
0.59142882 -0.22192806 1.89100003 0.000000
0.59144229 -0.21678406 1.89100003 0.000000
0.59208119 -0.21186359 1.89300013 0.000000
0.58896637 -0.20562156 1.88300014 0.000000
0.59121740 -0.18067195 1.89000010 0.000000
0.57154304 -0.15973213 1.82700014 0.000000
0.56877661 -0.13420033 1.81800008 0.000000
0.57598132 -0.13088579 1.84100008 0.000000
0.57661587 -0.12601002 1.84300005 0.000000
0.59258085 -0.12433992 1.89400005 0.000000
0.60916018 -0.22660875 1.93100011 0.000000
0.60854286 -0.22112688 1.92900014 0.000000
0.60540140 -0.21476027 1.91900015 0.000000
0.60068214 -0.20790179 1.90400004 0.000000
0.62877357 -0.21219772 1.99300015 0.000000
0.61085165 -0.17978875 1.93600011 0.000000
0.57174802 -0.15841031 1.81200004 0.000000
0.57211185 -0.13382222 1.81300008 0.000000
0.57906312 -0.13045041 1.83500004 0.000000
0.58222741 -0.12613817 1.84500003 0.000000
0.62233520 -0.22952886 1.95600009 0.000000
0.62012148 -0.22340606 1.94900012 0.000000
0.61918020 -0.21776865 1.94600010 0.000000
0.62205696 -0.21345751 1.95500004 0.000000
0.63288844 -0.21175873 1.98900008 0.000000
0.58146691 -0.13484663 1.82700014 0.000000
0.64076543 -0.23975767 1.99700010 0.000000
0.62666088 -0.22916330 1.95300007 0.000000
0.62250274 -0.22236121 1.94000006 0.000000
0.62059057 -0.21641283 1.93400013 0.000000
0.62156588 -0.21147940 1.93700004 0.000000
0.63056362 -0.20919083 1.96500015 0.000000
0.58759779 -0.17998067 1.83100009 0.000000
0.63679469 -0.23091000 1.96800005 0.000000
0.62483537 -0.22131670 1.93100011 0.000000
0.62161219 -0.21494545 1.92100012 0.000000
0.61935955 -0.20895585 1.91400003 0.000000
0.61904818 -0.20364280 1.91300011 0.000000
0.61420614 -0.19688264 1.89800012 0.000000
0.60353851 -0.18838561 1.86500013 0.000000
0.62124616 -0.21820961 1.90400004 0.000000
0.61375380 -0.21045753 1.88100004 0.000000
0.61148173 -0.20457698 1.87400007 0.000000
0.61051464 -0.19916005 1.87100005 0.000000
0.61019987 -0.19396660 1.87000012 0.000000
0.61575854 -0.19059643 1.88700008 0.000000
0.62555945 -0.18841121 1.91700006 0.000000
0.59844130 -0.20350900 1.81900012 0.000000
0.61062574 -0.20260035 1.85600007 0.000000
0.61129516 -0.19776478 1.85800004 0.000000
0.61097741 -0.19260690 1.85700011 0.000000
0.61592382 -0.18907022 1.87200010 0.000000
0.62185723 -0.18574651 1.89000010 0.000000
0.61099917 -0.20106076 1.84200013 0.000000
0.61200547 -0.19636986 1.84500003 0.000000
0.61201650 -0.19135126 1.84500003 0.000000
0.61468101 -0.18714039 1.85300004 0.000000
0.61898845 -0.20203191 1.85100007 0.000000
0.61799622 -0.19667816 1.84800005 0.000000
0.61767256 -0.19154787 1.84700012 0.000000
0.62169635 -0.18773566 1.85900009 0.000000
0.61212689 -0.22783087 1.81600010 0.000000
0.60539675 -0.22043836 1.79600012 0.000000
0.63508320 -0.22099337 1.88400006 0.000000
0.63981402 -0.21747413 1.89800012 0.000000
0.63881415 -0.21197689 1.89500010 0.000000
0.63478011 -0.20551348 1.88300014 0.000000
0.62804866 -0.19826369 1.86300004 0.000000
0.60214937 -0.16091953 1.78600013 0.000000
0.62583333 -0.11672311 1.85600007 0.000000
0.62820071 -0.11209295 1.86300004 0.000000
0.63157940 -0.10759687 1.87300014 0.000000
0.62859040 -0.23208484 1.85000014 0.000000
0.63675666 -0.23000032 1.87400007 0.000000
0.64220476 -0.22682498 1.89000010 0.000000
0.64153659 -0.22145113 1.88800013 0.000000
0.64188761 -0.21643162 1.88900006 0.000000
0.64563662 -0.21252498 1.90000010 0.000000
0.64394855 -0.20681214 1.89500010 0.000000
0.61105466 -0.16199157 1.79800010 0.000000
0.62808275 -0.14638524 1.84800005 0.000000
0.63624811 -0.14319278 1.87200010 0.000000
0.62913418 -0.12647609 1.85100007 0.000000
0.62846172 -0.12130775 1.84900010 0.000000
0.63254744 -0.11703052 1.86100006 0.000000
0.63187456 -0.11184552 1.85900009 0.000000
0.63838840 -0.23382972 1.86400008 0.000000
0.64730436 -0.23195259 1.89000010 0.000000
0.65108311 -0.22813375 1.90100014 0.000000
0.64732671 -0.22167449 1.89000010 0.000000
0.64425516 -0.21550401 1.88100004 0.000000
0.64734864 -0.21139553 1.89000010 0.000000
0.64598924 -0.20581919 1.88600004 0.000000
0.63307685 -0.14637689 1.84800005 0.000000
0.64199197 -0.14333755 1.87400007 0.000000
0.64371300 -0.13860746 1.87900007 0.000000
0.63960969 -0.13264216 1.86700010 0.000000
0.63619131 -0.12687866 1.85700011 0.000000
0.63722628 -0.12202227 1.86000013 0.000000
0.64031661 -0.11752668 1.86900008 0.000000
0.64152384 -0.14716077 1.85800004 0.000000
0.64774698 -0.14348248 1.87600005 0.000000
0.64844531 -0.13852586 1.87800014 0.000000
0.64534539 -0.13277671 1.86900008 0.000000
0.64500743 -0.12762295 1.86800003 0.000000
0.65663677 -0.14944953 1.88700008 0.000000
0.66116846 -0.14531009 1.90000010 0.000000
0.54513830 -0.14205676 1.53100002 0.000000
0.53457475 -0.13419361 1.49000013 0.000000
0.53314584 -0.12979178 1.48600006 0.000000
0.53028172 -0.12507309 1.47800004 0.000000
0.54004961 -0.13454761 1.49400008 0.000000
0.53933275 -0.13030975 1.49200010 0.000000
0.54190463 -0.13400121 1.48800004 0.000000
0.53899705 -0.12925577 1.48000002 0.000000
0.54959208 -0.13896962 1.49800003 0.000000
0.54592896 -0.13399537 1.48800004 0.000000
0.54336649 -0.12933743 1.48100007 0.000000
0.55327457 -0.13887104 1.49700010 0.000000
0.55254102 -0.13462006 1.49500012 0.000000
0.55217683 -0.13046716 1.49400008 0.000000
0.55881357 -0.13923651 1.50100005 0.000000
0.55807436 -0.13497475 1.49900007 0.000000
0.55659056 -0.13054913 1.49500012 0.000000
0.56062490 -0.13867459 1.49500012 0.000000
0.55950505 -0.13433921 1.49200010 0.000000
0.56013793 -0.13755637 1.48300004 0.000000
0.55900973 -0.13325372 1.48000002 0.000000
0.56529295 -0.13782977 1.48600006 0.000000
0.56301516 -0.13324896 1.48000002 0.000000
0.57237583 -0.14262933 1.49400008 0.000000
0.56854916 -0.13763961 1.48400009 0.000000
0.56817055 -0.13351448 1.48300004 0.000000
0.56716108 -0.14033364 1.47000003 0.000000
0.57025200 -0.13707872 1.47800004 0.000000
0.57308465 -0.14080676 1.47500002 0.000000
0.57425427 -0.13707457 1.47800004 0.000000
0.57394993 -0.14003915 1.46700013 0.000000
0.57825738 -0.13707066 1.47800004 0.000000
0.57398117 -0.14304222 1.45700002 0.000000
0.57634848 -0.13965362 1.46300006 0.000000
0.58149958 -0.14392237 1.46600008 0.000000
0.58308947 -0.14031841 1.47000003 0.000000
0.59146070 -0.14941829 1.48100007 0.000000
0.59106433 -0.14529358 1.48000002 0.000000
0.59226555 -0.14155611 1.48300004 0.000000
0.59507418 -0.14931448 1.48000002 0.000000
0.59266448 -0.14470164 1.47400010 0.000000
0.58824438 -0.13964421 1.46300006 0.000000
0.60273123 -0.15021981 1.48900008 0.000000
0.59990019 -0.14548439 1.48200011 0.000000
0.60310084 -0.15333328 1.48000002 0.000000
0.60514051 -0.14981391 1.48500001 0.000000
0.60881031 -0.14666001 1.49400008 0.000000
0.60752940 -0.14940837 1.48100007 0.000000
0.61327434 -0.14675613 1.49500012 0.000000
0.60824436 -0.15260439 1.47300005 0.000000
0.60948461 -0.14890222 1.47600007 0.000000
0.61031204 -0.14508557 1.47800004 0.000000
0.61473799 -0.15322465 1.47900009 0.000000
0.61515486 -0.14930435 1.48000002 0.000000
0.61540759 -0.15639430 1.47100008 0.000000
0.61624515 -0.15260200 1.47300005 0.000000
0.61875618 -0.14920239 1.47900009 0.000000
0.62445736 -0.16170168 1.48300004 0.000000
0.61982596 -0.15650001 1.47200012 0.000000
0.61898422 -0.15229052 1.47000003 0.000000
0.62066913 -0.14869724 1.47400010 0.000000
0.62425095 -0.16461623 1.47300005 0.000000
0.62764132 -0.16148344 1.48100007 0.000000
0.62764132 -0.15745659 1.48100007 0.000000
0.62552255 -0.15291178 1.47600007 0.000000
0.62655163 -0.16816387 1.46900010 0.000000
0.63337535 -0.16595758 1.48500001 0.000000
0.63252187 -0.16170168 1.48300004 0.000000
0.63209510 -0.15756300 1.48200011 0.000000
0.63226408 -0.16061187 1.47300005 0.000000
0.63440961 -0.15713820 1.47800004 0.000000
0.64145756 -0.16595933 1.48500001 0.000000
0.63670486 -0.16072185 1.47400010 0.000000
0.63670385 -0.15671374 1.47400010 0.000000
0.64376235 -0.16551377 1.48100007 0.000000
0.64202207 -0.16105030 1.47700012 0.000000
0.64462864 -0.15767181 1.48300004 0.000000
0.65348285 -0.16696851 1.49400008 0.000000
0.64998162 -0.16203336 1.48600006 0.000000
0.64823020 -0.15756708 1.48200011 0.000000
0.65227270 -0.16562968 1.48200011 0.000000
0.64962941 -0.16094509 1.47600007 0.000000
0.64390552 -0.15554893 1.46300006 0.000000
0.65144169 -0.16440298 1.47100008 0.000000
0.64745313 -0.15942100 1.46200001 0.000000
0.64080781 -0.15385011 1.44700003 0.000000
0.65456623 -0.16817799 1.46900010 0.000000
0.65411723 -0.16407079 1.46800005 0.000000
0.65411395 -0.16007817 1.46800005 0.000000
0.66081691 -0.16875413 1.47400010 0.000000
0.66126138 -0.16485669 1.47500002 0.000000
0.66754788 -0.16944523 1.48000002 0.000000
0.66483724 -0.16474889 1.47400010 0.000000
0.67976397 -0.17558579 1.49800003 0.000000
0.66932201 -0.16887742 1.47500002 0.000000
0.66795599 -0.16452976 1.47200012 0.000000
0.69756019 -0.18326475 1.52800012 0.000000
0.67609811 -0.17359853 1.48100007 0.000000
0.67609257 -0.16956949 1.48100007 0.000000
0.67700040 -0.16576415 1.48300004 0.000000
0.67601538 -0.17254937 1.47200012 0.000000
0.67738712 -0.16888809 1.47500002 0.000000
0.67773348 -0.17196952 1.46700013 0.000000
0.67957503 -0.16843612 1.47100008 0.000000
0.68826348 -0.17764746 1.48100007 0.000000
0.68128544 -0.17185907 1.46600008 0.000000
0.67802548 -0.16706851 1.45900011 0.000000
0.68904907 -0.17681539 1.47400010 0.000000
0.68623656 -0.17210078 1.46800005 0.000000
0.68482685 -0.16776253 1.46500003 0.000000
0.69026881 -0.17610373 1.46800005 0.000000
0.69026065 -0.17210855 1.46800005 0.000000
0.69571471 -0.17647223 1.47100008 0.000000
0.69050360 -0.17117888 1.46000004 0.000000
0.69738358 -0.17987208 1.46600008 0.000000
0.69404423 -0.17504172 1.45900011 0.000000
0.69997543 -0.17951399 1.46300006 0.000000
0.69613779 -0.17457141 1.45500004 0.000000
0.70736545 -0.18038350 1.47000003 0.000000
0.70783591 -0.17650133 1.47100008 0.000000
0.71432447 -0.18515009 1.47600007 0.000000
0.71624857 -0.18162188 1.48000002 0.000000
0.71623725 -0.17759213 1.48000002 0.000000
0.71887475 -0.18528777 1.47700012 0.000000
0.71496880 -0.18028374 1.46900010 0.000000
0.71593028 -0.17652355 1.47100008 0.000000
0.69946241 -0.18317080 1.42900002 0.000000
0.70972830 -0.18191324 1.45000005 0.000000
0.71656811 -0.17968243 1.46400011 0.000000
0.72061723 -0.18368301 1.46400011 0.000000
0.72306484 -0.18030906 1.46900010 0.000000
0.72911143 -0.18482623 1.47300005 0.000000
0.73008722 -0.18105914 1.47500002 0.000000
0.72720575 -0.18333508 1.46100008 0.000000
0.73117304 -0.18033682 1.46900010 0.000000
0.73075825 -0.18720315 1.46000004 0.000000
0.73124313 -0.18335025 1.46100008 0.000000
0.72822475 -0.17863280 1.45500004 0.000000
0.72424442 -0.18844855 1.43900001 0.000000
0.73429346 -0.18709125 1.45900011 0.000000
0.73377383 -0.18298958 1.45800006 0.000000
0.73733795 -0.19082326 1.45700002 0.000000
0.73276597 -0.18569754 1.44800007 0.000000
0.73983359 -0.18350810 1.46200001 0.000000
0.72865468 -0.18756686 1.43200004 0.000000
0.73423386 -0.18507378 1.44300008 0.000000
0.72955680 -0.18679942 1.42600012 0.000000
0.73158467 -0.18342440 1.43000007 0.000000
0.73814499 -0.18799767 1.43500006 0.000000
0.73555368 -0.18344307 1.43000007 0.000000
0.75042766 -0.19407171 1.45100009 0.000000
0.74885529 -0.18972096 1.44800007 0.000000
0.74262923 -0.18423219 1.43600011 0.000000
0.75340241 -0.18987289 1.44900012 0.000000
0.76475418 -0.19172923 1.46300006 0.000000
0.76830512 -0.19162077 1.46200001 0.000000
0.74325120 -0.24575794 1.40600002 0.000000
0.74850333 -0.24363360 1.41600001 0.000000
0.77029377 -0.19509912 1.45800006 0.000000
0.76868480 -0.19072655 1.45500004 0.000000
0.74931669 -0.24649204 1.41000009 0.000000
0.75353289 -0.24401203 1.41800010 0.000000
0.76200056 -0.24284364 1.43400002 0.000000
0.77120399 -0.19828492 1.45200002 0.000000
0.77648968 -0.19565915 1.46200001 0.000000
0.77912039 -0.19232377 1.46700013 0.000000
0.75434029 -0.24687767 1.41200006 0.000000
0.76392001 -0.24611263 1.43000007 0.000000
0.77456790 -0.24558845 1.45000005 0.000000
0.77155310 -0.20130108 1.44500005 0.000000
0.77739954 -0.19885738 1.45600009 0.000000
0.78538185 -0.19688940 1.47100008 0.000000
0.75884253 -0.24708959 1.41300011 0.000000
0.76847172 -0.24632142 1.43100011 0.000000
0.77541578 -0.24460840 1.44400012 0.000000
0.78254825 -0.19915760 1.45800006 0.000000
0.78359449 -0.19544347 1.46000004 0.000000
0.76281494 -0.24712776 1.41300011 0.000000
0.76817495 -0.24498190 1.42300010 0.000000
0.77029645 -0.24176541 1.42700005 0.000000
0.78447545 -0.19863904 1.45400012 0.000000
0.78282899 -0.19426574 1.45100009 0.000000
0.76349676 -0.24226552 1.40700006 0.000000
0.76508629 -0.23892263 1.41000009 0.000000
0.81081998 -0.20835467 1.49500012 0.000000
0.79072332 -0.19921426 1.45800006 0.000000
0.78310210 -0.19335629 1.44400012 0.000000
0.76964211 -0.24299361 1.41100001 0.000000
0.77123898 -0.23963894 1.41400003 0.000000
0.77174580 -0.23593509 1.41500008 0.000000
0.76758993 -0.19625902 1.40800011 0.000000
0.78718573 -0.19733070 1.44400012 0.000000
0.79424280 -0.19512585 1.45700002 0.000000
0.76804906 -0.18484785 1.40900004 0.000000
0.77800781 -0.24441198 1.41900003 0.000000
0.78728741 -0.24340765 1.43600011 0.000000
0.79108459 -0.24064325 1.44300008 0.000000
0.77922088 -0.19824097 1.42200005 0.000000
0.79508102 -0.19831762 1.45100009 0.000000
0.80052996 -0.19569133 1.46100008 0.000000
0.81948984 -0.25616828 1.48700011 0.000000
0.80952668 -0.24904358 1.46900010 0.000000
0.80342287 -0.24318577 1.45800006 0.000000
0.80084968 -0.20273423 1.45400012 0.000000
0.80357128 -0.19944243 1.45900011 0.000000
0.83255678 -0.25897002 1.50300002 0.000000
0.78151071 -0.23538719 1.41100001 0.000000
0.81380570 -0.20499851 1.47000003 0.000000
0.80491501 -0.19879116 1.45400012 0.000000
0.77552450 -0.23624250 1.39300001 0.000000
0.75432760 -0.22608531 1.35500002 0.000000
0.80682558 -0.20224325 1.45000005 0.000000
0.80512244 -0.19786704 1.44700003 0.000000
0.79302663 -0.19781400 1.41800010 0.000000
0.80100894 -0.20272551 1.42500007 0.000000
0.79591399 -0.19756986 1.41600001 0.000000
0.80681843 -0.21100922 1.42800009 0.000000
0.81525409 -0.20927440 1.44300008 0.000000
0.81860536 -0.20617744 1.44900012 0.000000
0.80886048 -0.23387331 1.42400002 0.000000
0.81165457 -0.23077646 1.42900002 0.000000
0.80876988 -0.22606541 1.42400002 0.000000
0.84157789 -0.22308975 1.48200011 0.000000
0.83415347 -0.21710870 1.46900010 0.000000
0.82729858 -0.21134454 1.45700002 0.000000
0.83236885 -0.20863542 1.46600008 0.000000
0.81125009 -0.23732533 1.42100012 0.000000
0.81405658 -0.23424879 1.42600012 0.000000
0.80715954 -0.22839959 1.41400003 0.000000
0.80425984 -0.22372848 1.40900004 0.000000
0.81791395 -0.22361073 1.43300009 0.000000
0.84285212 -0.21428701 1.47700012 0.000000
0.83082771 -0.20725206 1.45600009 0.000000
0.81467998 -0.23331110 1.42000008 0.000000
0.81348455 -0.22909252 1.41800010 0.000000
0.84308386 -0.21734186 1.47000003 0.000000
0.84533465 -0.21389405 1.47400010 0.000000
0.82046390 -0.23385324 1.42300010 0.000000
0.81557328 -0.20925270 1.41500008 0.000000
0.81322509 -0.20479360 1.41100001 0.000000
0.82874417 -0.20477150 1.43800008 0.000000
0.80918622 -0.20663400 1.39700007 0.000000
0.81783098 -0.20498137 1.41200006 0.000000
0.82010496 -0.20168042 1.41600001 0.000000
0.81143337 -0.20623441 1.39400005 0.000000
0.82361239 -0.20546065 1.41500008 0.000000
0.83355910 -0.28881949 1.42300010 0.000000
0.81893384 -0.20716752 1.40000010 0.000000
0.82415265 -0.20463409 1.40900004 0.000000
0.85959941 -0.30445728 1.46000004 0.000000
0.85540122 -0.29898927 1.45300007 0.000000
0.85885799 -0.29620025 1.45900011 0.000000
0.83176523 -0.20943421 1.41500008 0.000000
0.82525241 -0.20395350 1.40400004 0.000000
0.85849839 -0.30265874 1.45100009 0.000000
0.86374444 -0.30050689 1.46000004 0.000000
0.86899114 -0.29830661 1.46900010 0.000000
0.87423831 -0.29605791 1.47800004 0.000000
0.86659551 -0.22120799 1.46700013 0.000000
0.84409803 -0.21155494 1.42900002 0.000000
0.84050554 -0.20676088 1.42300010 0.000000
0.86329770 -0.30294728 1.45200002 0.000000
0.86202878 -0.29852703 1.45000005 0.000000
0.87859482 -0.30021262 1.47800004 0.000000
0.88446021 -0.29813838 1.48800004 0.000000
0.88557154 -0.29442948 1.49000013 0.000000
0.86191165 -0.21899787 1.45200002 0.000000
0.85829866 -0.21412209 1.44600010 0.000000
0.88910657 -0.31465301 1.48800004 0.000000
0.85974550 -0.30031595 1.43900001 0.000000
0.86444372 -0.29798928 1.44700003 0.000000
0.86077958 -0.29277518 1.44100010 0.000000
0.87802303 -0.29461002 1.47000003 0.000000
0.89227861 -0.29529774 1.49400008 0.000000
0.89518666 -0.29215121 1.49900007 0.000000
0.86251664 -0.21814568 1.44600010 0.000000
0.87053382 -0.30269501 1.45000005 0.000000
0.87165093 -0.29910088 1.45200002 0.000000
0.86256522 -0.29204202 1.43700004 0.000000
0.87028813 -0.29068044 1.45000005 0.000000
0.88581306 -0.29181853 1.47600007 0.000000
0.88933498 -0.28891534 1.48200011 0.000000
0.88985753 -0.28501928 1.48300004 0.000000
0.88352865 -0.22647583 1.47400010 0.000000
0.88467103 -0.22272660 1.47600007 0.000000
0.86700058 -0.30403870 1.43700004 0.000000
0.87475723 -0.30278015 1.45000005 0.000000
0.86562371 -0.29568169 1.43500006 0.000000
0.86071557 -0.29009038 1.42700005 0.000000
0.86304724 -0.28695089 1.43100011 0.000000
0.87321973 -0.28636146 1.44800007 0.000000
0.88640678 -0.28665438 1.47000003 0.000000
0.87306356 -0.27836838 1.44800007 0.000000
0.83379972 -0.26205713 1.38300002 0.000000
0.87935871 -0.22438176 1.46000004 0.000000
0.86966550 -0.21795295 1.44400012 0.000000
0.88020056 -0.30328482 1.45200002 0.000000
0.87283975 -0.29679665 1.44000006 0.000000
0.86426991 -0.28996944 1.42600012 0.000000
0.86418742 -0.28602904 1.42600012 0.000000
0.86350060 -0.28189209 1.42500007 0.000000
0.87008643 -0.28010255 1.43600011 0.000000
0.86334366 -0.27402297 1.42500007 0.000000
0.85236293 -0.26667848 1.40700006 0.000000
0.88122636 -0.22783016 1.45600009 0.000000
0.86422139 -0.21952082 1.42800009 0.000000
0.86840051 -0.21665055 1.43500006 0.000000
0.86955470 -0.21300142 1.43700004 0.000000
0.86912948 -0.29420298 1.42700005 0.000000
0.87026167 -0.29066372 1.42900002 0.000000
0.86530596 -0.28510833 1.42100012 0.000000
0.86583245 -0.28137934 1.42200005 0.000000
0.86757815 -0.27803624 1.42500007 0.000000
0.87176013 -0.27544719 1.43200004 0.000000
0.87350810 -0.27206233 1.43500006 0.000000
0.89169109 -0.27370656 1.46500003 0.000000
0.89344001 -0.27021641 1.46800005 0.000000
0.88788742 -0.26453510 1.45900011 0.000000
0.95170712 -0.27925983 1.56400013 0.000000
0.88666856 -0.22820395 1.45800006 0.000000
0.87140530 -0.22034794 1.43300009 0.000000
0.86952269 -0.21595274 1.43000007 0.000000
0.90958703 -0.17260632 1.49700010 0.000000
0.86465210 -0.28749433 1.41300011 0.000000
0.86456698 -0.28358668 1.41300011 0.000000
0.86815429 -0.28086790 1.41900003 0.000000
0.87969518 -0.28065446 1.43800008 0.000000
0.88817710 -0.27937517 1.45200002 0.000000
0.89421242 -0.27726123 1.46200001 0.000000
0.88557035 -0.27060804 1.44800007 0.000000
0.87998885 -0.26495394 1.43900001 0.000000
0.88113624 -0.26134568 1.44100010 0.000000
0.88106191 -0.25737032 1.44100010 0.000000
0.86952108 -0.22278649 1.42300010 0.000000
0.88351357 -0.22240724 1.44600010 0.000000
0.86817914 -0.21465158 1.42100012 0.000000
0.89687222 -0.17345415 1.46900010 0.000000
0.90476412 -0.17092073 1.48200011 0.000000
0.87301087 -0.28507718 1.42000008 0.000000
0.87907249 -0.28312978 1.43000007 0.000000
0.88329053 -0.28054267 1.43700004 0.000000
0.89181185 -0.27926540 1.45100009 0.000000
0.89111453 -0.27506644 1.45000005 0.000000
0.88243043 -0.26844406 1.43600011 0.000000
0.87682170 -0.26282108 1.42700005 0.000000
0.87060106 -0.25706753 1.41700006 0.000000
0.86499745 -0.25154898 1.40800011 0.000000
0.88519645 -0.25346884 1.44100010 0.000000
0.90969336 -0.25641972 1.48100007 0.000000
0.85346705 -0.22150879 1.39000010 0.000000
0.86261457 -0.22002962 1.40500009 0.000000
0.86316723 -0.21631482 1.40600002 0.000000
0.87906802 -0.21637292 1.43200004 0.000000
0.84708905 -0.20471770 1.38000011 0.000000
0.86616844 -0.16676776 1.41200006 0.000000
0.88391328 -0.16623585 1.44100010 0.000000
0.90963125 -0.16700925 1.48300004 0.000000
0.87830710 -0.15733472 1.43200004 0.000000
0.87903267 -0.28576708 1.42300010 0.000000
0.88759232 -0.28460252 1.43700004 0.000000
0.88688791 -0.28043255 1.43600011 0.000000
0.88556761 -0.27607682 1.43400002 0.000000
0.89042413 -0.27363104 1.44200003 0.000000
0.88169777 -0.26702839 1.42800009 0.000000
0.88717437 -0.26474160 1.43700004 0.000000
0.87783569 -0.25805101 1.42200005 0.000000
0.86417931 -0.25019342 1.40000010 0.000000
0.86225384 -0.24580142 1.39700007 0.000000
0.87452507 -0.24541043 1.41700006 0.000000
0.89097404 -0.23813954 1.44400012 0.000000
0.86492741 -0.22348492 1.40200007 0.000000
0.84142226 -0.21366958 1.36400008 0.000000
0.86233389 -0.21514495 1.39800012 0.000000
0.86227298 -0.21129514 1.39800012 0.000000
0.87208134 -0.20982036 1.41400003 0.000000
0.81590223 -0.19267538 1.32300007 0.000000
0.87766826 -0.16823040 1.42400002 0.000000
0.89056551 -0.16674206 1.44500005 0.000000
0.89606732 -0.16378725 1.45400012 0.000000
0.88942474 -0.28786528 1.43300009 0.000000
0.88002545 -0.28092694 1.41800010 0.000000
0.93259364 -0.28945002 1.50300002 0.000000
0.91132444 -0.27477902 1.46900010 0.000000
0.88084519 -0.26168913 1.42000008 0.000000
0.89441127 -0.26175952 1.44200003 0.000000
0.86820835 -0.24640307 1.40000010 0.000000
0.87619573 -0.24479066 1.41300011 0.000000
0.87178248 -0.23969787 1.40600002 0.000000
0.81200123 -0.20888062 1.31000006 0.000000
0.86276412 -0.21811911 1.39200008 0.000000
0.87013787 -0.21613079 1.40400004 0.000000
0.87069505 -0.21241428 1.40500009 0.000000
0.84336859 -0.20201375 1.36100006 0.000000
0.86251903 -0.20278215 1.39200008 0.000000
0.83891696 -0.19351894 1.35400009 0.000000
0.88842535 -0.20100595 1.43400002 0.000000
0.89828056 -0.19925860 1.45000005 0.000000
0.82884425 -0.18018642 1.33800006 0.000000
0.87562174 -0.16709504 1.41400003 0.000000
0.89477170 -0.16678786 1.44500005 0.000000
0.91813743 -0.27561301 1.47300005 0.000000
0.84816957 -0.24713218 1.36100006 0.000000
0.88478053 -0.24999951 1.42000008 0.000000
0.85563183 -0.21536246 1.37400007 0.000000
0.88234341 -0.21819645 1.41700006 0.000000
0.85986400 -0.20884727 1.38100004 0.000000
0.82306951 -0.19628245 1.32200003 0.000000
0.86659068 -0.20284134 1.39200008 0.000000
0.87835914 -0.20172422 1.41100001 0.000000
0.89759707 -0.20218588 1.44200003 0.000000
0.90687490 -0.20027830 1.45700002 0.000000
0.90370530 -0.19559483 1.45200002 0.000000
0.85863954 -0.16691688 1.38000011 0.000000
0.86232543 -0.16383234 1.38600004 0.000000
0.88218772 -0.16371734 1.41800010 0.000000
0.91262507 -0.16534315 1.46700013 0.000000
0.88656718 -0.22216958 1.41700006 0.000000
0.86835700 -0.21379533 1.38800001 0.000000
0.84326977 -0.20391795 1.34800005 0.000000
0.86941898 -0.20261027 1.39000010 0.000000
0.89187443 -0.20392923 1.42600012 0.000000
0.88305843 -0.19803807 1.41200006 0.000000
0.88800269 -0.19524983 1.42000008 0.000000
0.89419836 -0.19268784 1.43000007 0.000000
0.85829729 -0.16611812 1.37300003 0.000000
0.86512554 -0.16364299 1.38400006 0.000000
0.86382842 -0.15960667 1.38200009 0.000000
0.86628288 -0.15625842 1.38600004 0.000000
0.85811323 -0.21784900 1.36500001 0.000000
0.86998922 -0.21706262 1.38400006 0.000000
0.89569306 -0.21956208 1.42500007 0.000000
0.91573769 -0.22047444 1.45700002 0.000000
0.93257141 -0.21637778 1.48400009 0.000000
0.91302615 -0.20785344 1.45300007 0.000000
0.90290987 -0.20160526 1.43700004 0.000000
0.90096420 -0.19723415 1.43400002 0.000000
0.90970045 -0.19517179 1.44800007 0.000000
0.88691676 -0.17865777 1.41200006 0.000000
0.86613685 -0.17068745 1.37900007 0.000000
0.87173897 -0.16798246 1.38800001 0.000000
0.87106162 -0.16404592 1.38700008 0.000000
0.88168919 -0.16219494 1.40400004 0.000000
0.89231706 -0.16025114 1.42100012 0.000000
0.87034649 -0.21999343 1.37800002 0.000000
0.88290793 -0.21932752 1.39800012 0.000000
0.89736336 -0.21901457 1.42100012 0.000000
0.91371232 -0.21902977 1.44700003 0.000000
0.92627198 -0.21801084 1.46700013 0.000000
0.92304718 -0.21323624 1.46200001 0.000000
0.93876404 -0.21278301 1.48700011 0.000000
0.92853427 -0.20238535 1.47100008 0.000000
0.92026681 -0.19657981 1.45800006 0.000000
0.93724757 -0.19612974 1.48500001 0.000000
0.90115911 -0.18073699 1.42800009 0.000000
0.90552151 -0.17767255 1.43500006 0.000000
0.88716930 -0.17021213 1.40600002 0.000000
0.88648736 -0.16622470 1.40500009 0.000000
0.88517582 -0.16212791 1.40300012 0.000000
0.86306506 -0.22094639 1.36000001 0.000000
0.87695366 -0.22070332 1.38200009 0.000000
0.88766885 -0.21955504 1.39900005 0.000000
0.90536290 -0.22000986 1.42700005 0.000000
0.91798043 -0.21909973 1.44700003 0.000000
0.90205175 -0.21139063 1.42200005 0.000000
0.91657358 -0.21082357 1.44500005 0.000000
0.94631714 -0.21356592 1.49200010 0.000000
0.95703149 -0.21183853 1.50900006 0.000000
0.92715871 -0.20121019 1.46200001 0.000000
0.93090051 -0.19798997 1.46800005 0.000000
0.88962317 -0.18535741 1.40300012 0.000000
0.86991012 -0.17748204 1.37200010 0.000000
0.89141130 -0.17800756 1.40600002 0.000000
0.92305475 -0.18032825 1.45600009 0.000000
0.90398151 -0.17268644 1.42600012 0.000000
0.90012509 -0.16805083 1.42000008 0.000000
0.87282860 -0.22248217 1.36900008 0.000000
0.89570546 -0.22445038 1.40500009 0.000000
0.90328091 -0.22245295 1.41700006 0.000000
0.91659355 -0.22177833 1.43800008 0.000000
0.91333437 -0.21705064 1.43300009 0.000000
0.91390085 -0.21324375 1.43400002 0.000000
0.91319454 -0.20914043 1.43300009 0.000000
0.92395955 -0.20762092 1.45000005 0.000000
0.95702547 -0.21092357 1.50200009 0.000000
0.93911839 -0.20292664 1.47400010 0.000000
0.89636928 -0.18982339 1.40700006 0.000000
0.90204209 -0.18713436 1.41600001 0.000000
0.87905103 -0.17857347 1.38000011 0.000000
0.88217932 -0.17540425 1.38500011 0.000000
0.91460663 -0.17790720 1.43600011 0.000000
0.93110937 -0.17710154 1.46200001 0.000000
0.89730179 -0.16680121 1.40900004 0.000000
0.89226162 -0.22645894 1.39300001 0.000000
0.91908520 -0.22932002 1.43500006 0.000000
0.92925507 -0.22786692 1.45100009 0.000000
0.92853838 -0.22370368 1.45000005 0.000000
0.91629773 -0.21681978 1.43100011 0.000000
0.92390889 -0.21465319 1.44300008 0.000000
0.90655184 -0.20672756 1.41600001 0.000000
0.93209064 -0.20854864 1.45600009 0.000000
0.91473877 -0.20073806 1.42900002 0.000000
0.93067503 -0.20023862 1.45400012 0.000000
0.89924812 -0.18961529 1.40500009 0.000000
0.88702673 -0.18322909 1.38600004 0.000000
0.85433000 -0.17280629 1.33500004 0.000000
0.89202875 -0.17660096 1.39400005 0.000000
0.91942906 -0.17412889 1.43700004 0.000000
0.90227360 -0.23187892 1.40200007 0.000000
0.91956812 -0.23239145 1.42900002 0.000000
0.91305357 -0.22684093 1.41900003 0.000000
0.92713058 -0.22637382 1.44100010 0.000000
0.92640996 -0.22223656 1.44000006 0.000000
0.93984342 -0.22144036 1.46100008 0.000000
0.92240089 -0.21338649 1.43400002 0.000000
0.90882212 -0.20635907 1.41300011 0.000000
0.91518408 -0.20389031 1.42300010 0.000000
0.92026043 -0.20108625 1.43100011 0.000000
0.90218812 -0.19327953 1.40300012 0.000000
0.90405273 -0.18981327 1.40600002 0.000000
0.89241678 -0.18355425 1.38800001 0.000000
0.87756926 -0.17674789 1.36500001 0.000000
0.86465371 -0.17044938 1.34500003 0.000000
0.89545333 -0.17269197 1.39300001 0.000000
0.93239862 -0.24257058 1.44200003 0.000000
0.89222729 -0.22832078 1.38000011 0.000000
0.90443003 -0.22759259 1.39900005 0.000000
0.92503577 -0.22883929 1.43100011 0.000000
0.94887155 -0.23069577 1.46800005 0.000000
0.94620591 -0.22601897 1.46400011 0.000000
0.95840645 -0.22485262 1.48300004 0.000000
0.93377280 -0.21509749 1.44500005 0.000000
0.92400640 -0.20891355 1.43000007 0.000000
0.92910367 -0.20611009 1.43800008 0.000000
0.91740412 -0.19960861 1.42000008 0.000000
0.90053988 -0.19210495 1.39400005 0.000000
0.91985357 -0.19230847 1.42400002 0.000000
0.88743126 -0.17797317 1.37400007 0.000000
0.85120505 -0.16708378 1.31800008 0.000000
0.87307155 -0.27799541 1.34200001 0.000000
0.90739030 -0.23121652 1.39700007 0.000000
0.91055459 -0.22816232 1.40200007 0.000000
0.93709880 -0.23084061 1.44300008 0.000000
0.95511627 -0.22718006 1.47100008 0.000000
0.91283506 -0.21325308 1.40600002 0.000000
0.94262272 -0.21621549 1.45200002 0.000000
0.93670458 -0.21088663 1.44300008 0.000000
0.93013996 -0.20546514 1.43300009 0.000000
0.92357796 -0.20009992 1.42300010 0.000000
0.89164251 -0.18562022 1.37400007 0.000000
0.90260959 -0.18407650 1.39100003 0.000000
0.91876751 -0.18347640 1.41600001 0.000000
0.92340422 -0.23820220 1.41500008 0.000000
0.91418147 -0.23196355 1.40100002 0.000000
0.95454901 -0.23817644 1.46300006 0.000000
0.94532859 -0.23188475 1.44900012 0.000000
0.96350986 -0.23227678 1.47700012 0.000000
0.94711858 -0.22432670 1.45200002 0.000000
0.93529755 -0.21757822 1.43400002 0.000000
0.93391508 -0.21331377 1.43200004 0.000000
0.92536110 -0.20745327 1.41900003 0.000000
0.92919952 -0.20439085 1.42500007 0.000000
0.92717081 -0.20003025 1.42200005 0.000000
0.90167314 -0.19072261 1.38300002 0.000000
0.87813675 -0.18203683 1.34700012 0.000000
0.92565936 -0.18798026 1.42000008 0.000000
0.91705382 -0.28183389 1.39700007 0.000000
0.93289524 -0.23963878 1.42300010 0.000000
0.94460475 -0.23867549 1.44100010 0.000000
0.93140656 -0.23142494 1.42100012 0.000000
0.95884705 -0.23421201 1.46300006 0.000000
0.96531379 -0.23173331 1.47300005 0.000000
0.95933074 -0.22626393 1.46400011 0.000000
0.94221175 -0.21826519 1.43800008 0.000000
0.92575264 -0.21056044 1.41300011 0.000000
0.92829615 -0.20723633 1.41700006 0.000000
0.92756569 -0.20317370 1.41600001 0.000000
0.91111684 -0.19574036 1.39100003 0.000000
0.89729214 -0.18899801 1.37000012 0.000000
0.90770262 -0.18737473 1.38600004 0.000000
0.92775953 -0.28004634 1.40700006 0.000000
0.88874847 -0.26455000 1.34800005 0.000000
0.84108073 -0.24331863 1.27600002 0.000000
0.87130243 -0.24841386 1.32200003 0.000000
0.89888310 -0.25251412 1.36400008 0.000000
0.91921127 -0.25437644 1.39500010 0.000000
0.92720580 -0.23329842 1.40800011 0.000000
0.95148009 -0.23542285 1.44500005 0.000000
0.95139098 -0.23141782 1.44500005 0.000000
0.96447039 -0.23056155 1.46500003 0.000000
0.95977569 -0.22542116 1.45800006 0.000000
0.94784319 -0.21865049 1.44000006 0.000000
0.94512886 -0.21406756 1.43600011 0.000000
0.94702351 -0.21053199 1.43900001 0.000000
0.93181014 -0.20324890 1.41600001 0.000000
0.91923296 -0.19665721 1.39700007 0.000000
0.94581789 -0.28036392 1.42800009 0.000000
0.89007461 -0.26012945 1.34400010 0.000000
0.90519983 -0.26077607 1.36700010 0.000000
0.92363393 -0.26223606 1.39500010 0.000000
0.90697831 -0.25372601 1.37000012 0.000000
0.91339678 -0.24790564 1.38000011 0.000000
0.93815714 -0.23898105 1.41800010 0.000000
0.94997191 -0.23803021 1.43600011 0.000000
0.92408204 -0.22769058 1.39700007 0.000000
0.96367884 -0.23342951 1.45700002 0.000000
0.95036203 -0.22624172 1.43700004 0.000000
0.95159787 -0.22256868 1.43900001 0.000000
0.96539873 -0.22177179 1.46000004 0.000000
0.96795905 -0.21832451 1.46400011 0.000000
0.95928174 -0.21236804 1.45100009 0.000000
0.95589614 -0.20763338 1.44600010 0.000000
0.92475057 -0.19701283 1.39900005 0.000000
0.90557313 -0.26731989 1.36100006 0.000000
0.90479749 -0.26333445 1.36000001 0.000000
0.93595427 -0.26851657 1.40700006 0.000000
0.92177027 -0.25679347 1.38600004 0.000000
0.92432600 -0.25366792 1.39000010 0.000000
0.93752170 -0.25339696 1.41000009 0.000000
0.94576544 -0.23991890 1.42300010 0.000000
0.95630324 -0.23862180 1.43900001 0.000000
0.88045651 -0.21604072 1.32500005 0.000000
0.89764673 -0.21653198 1.35100007 0.000000
0.95204008 -0.22570023 1.43300009 0.000000
0.94796604 -0.22079870 1.42700005 0.000000
0.97444993 -0.22292167 1.46700013 0.000000
0.98233372 -0.22064683 1.47900009 0.000000
0.97162235 -0.21420699 1.46300006 0.000000
0.95493793 -0.20656408 1.43800008 0.000000
0.96282685 -0.20427316 1.45000005 0.000000
0.89501005 -0.26310939 1.33900011 0.000000
0.92686707 -0.26481012 1.38700008 0.000000
0.93009746 -0.26188755 1.39200008 0.000000
0.91529071 -0.25393409 1.37000012 0.000000
0.92654198 -0.25322473 1.38700008 0.000000
0.95675248 -0.24170260 1.43300009 0.000000
0.95198172 -0.23656136 1.42600012 0.000000
0.89706182 -0.21549623 1.34400010 0.000000
0.93835413 -0.22153595 1.40600002 0.000000
0.95361447 -0.22119598 1.42900002 0.000000
0.98288655 -0.22392203 1.47300005 0.000000
0.98079640 -0.21939069 1.47000003 0.000000
0.97003567 -0.21297298 1.45400012 0.000000
0.98062545 -0.21124354 1.47000003 0.000000
0.91565460 -0.26052949 1.36400008 0.000000
0.91151661 -0.25559893 1.35800004 0.000000
0.91744888 -0.25348479 1.36700010 0.000000
0.90459186 -0.24620779 1.34800005 0.000000
0.92095959 -0.23549438 1.37300003 0.000000
0.95775056 -0.24095847 1.42800009 0.000000
0.92335594 -0.22470129 1.37700009 0.000000
0.96732992 -0.22345349 1.44300008 0.000000
0.98332679 -0.22309989 1.46700013 0.000000
0.95489222 -0.32931465 1.41300011 0.000000
0.99033308 -0.29280517 1.46800005 0.000000
0.90577394 -0.26037565 1.34300005 0.000000
0.88003546 -0.24936806 1.30500007 0.000000
0.89678442 -0.25043669 1.33000004 0.000000
0.91420561 -0.25155291 1.35600007 0.000000
0.96776676 -0.22660613 1.43700004 0.000000
0.95344144 -0.21543238 1.41600001 0.000000
0.95739269 -0.21239923 1.42200005 0.000000
0.95518476 -0.32807025 1.40700006 0.000000
0.89690429 -0.25311011 1.32400012 0.000000
0.90288889 -0.25111172 1.33300006 0.000000
0.88466030 -0.22436480 1.30700004 0.000000
0.91252238 -0.20907122 1.34900010 0.000000
0.92749095 -0.31726280 1.36000001 0.000000
0.94711357 -0.32012284 1.38900006 0.000000
0.87188113 -0.20249346 1.28300011 0.000000
0.93514150 -0.31858402 1.36500001 0.000000
0.93293166 -0.31405208 1.36200011 0.000000
0.96222860 -0.32001650 1.40500009 0.000000
0.91873091 -0.23483957 1.34500003 0.000000
0.93570107 -0.23538701 1.37000012 0.000000
1.00115645 -0.24779764 1.46600008 0.000000
0.93320030 -0.31664005 1.35600007 0.000000
0.93579596 -0.31374535 1.36000001 0.000000
0.93495345 -0.30969083 1.35900009 0.000000
0.94993454 -0.31082064 1.38100004 0.000000
0.96118504 -0.24082230 1.40100002 0.000000
0.95195478 -0.32170564 1.37700009 0.000000
0.93935108 -0.31367177 1.35900009 0.000000
0.94679588 -0.31235331 1.37000012 0.000000
0.93143851 -0.30354404 1.34800005 0.000000
0.94925028 -0.30553433 1.37400007 0.000000
0.95471585 -0.31752652 1.37500012 0.000000
0.94483483 -0.31045887 1.36100006 0.000000
0.95578295 -0.31023103 1.37700009 0.000000
0.95285016 -0.30546561 1.37300003 0.000000
0.96032923 -0.30401984 1.38400006 0.000000
0.95809555 -0.29947826 1.38100004 0.000000
0.92304415 -0.21463835 1.33400011 0.000000
0.96514535 -0.31586841 1.38400006 0.000000
0.96219331 -0.31106678 1.38000011 0.000000
0.97109598 -0.31007388 1.39300001 0.000000
0.95769405 -0.30197704 1.37400007 0.000000
0.98262846 -0.30592233 1.41000009 0.000000
0.97132450 -0.29853114 1.39400005 0.000000
0.92284459 -0.23212983 1.32700002 0.000000
0.97337914 -0.23708096 1.40000010 0.000000
0.95508295 -0.22501029 1.37400007 0.000000
0.96723449 -0.31145498 1.38100004 0.000000
0.96847212 -0.30800828 1.38300002 0.000000
0.99071664 -0.31114930 1.41500008 0.000000
0.98145479 -0.30434373 1.40200007 0.000000
0.96099967 -0.29418516 1.37300003 0.000000
0.96714675 -0.29222697 1.38200009 0.000000
0.96909624 -0.28896832 1.38500011 0.000000
0.93465954 -0.23416829 1.33800006 0.000000
0.95586091 -0.22429946 1.36900008 0.000000
0.93760139 -0.21629208 1.34300005 0.000000
0.94204271 -0.30214348 1.33900011 0.000000
0.97353595 -0.30839431 1.38400006 0.000000
0.99869150 -0.31241351 1.42000008 0.000000
1.00204265 -0.30949908 1.42500007 0.000000
0.95266479 -0.29048035 1.35500002 0.000000
0.94688922 -0.28497460 1.34700012 0.000000
0.97134048 -0.28849211 1.38200009 0.000000
0.99508399 -0.29160875 1.41600001 0.000000
0.97131991 -0.26927963 1.38300002 0.000000
0.91860408 -0.23286842 1.30900002 0.000000
1.00247264 -0.31236106 1.41900003 0.000000
1.00936854 -0.31053373 1.42900002 0.000000
0.95113796 -0.28512573 1.34700012 0.000000
0.98558098 -0.29156852 1.39600003 0.000000
0.97907406 -0.28578687 1.38700008 0.000000
0.95845592 -0.27599305 1.35800004 0.000000
0.95548868 -0.27137485 1.35400009 0.000000
1.03789926 -0.29069242 1.47100008 0.000000
1.02434409 -0.28286093 1.45200002 0.000000
1.01855469 -0.27725005 1.44400012 0.000000
1.00909984 -0.31319234 1.42200005 0.000000
1.00325274 -0.30744117 1.41400003 0.000000
0.97864842 -0.28838164 1.38000011 0.000000
0.98132962 -0.28532135 1.38400006 0.000000
0.97196072 -0.27878368 1.37100005 0.000000
0.97181207 -0.27492803 1.37100005 0.000000
1.01844227 -0.28412375 1.43700004 0.000000
1.04521966 -0.28749302 1.47500002 0.000000
0.96068782 -0.21523975 1.35800004 0.000000
0.99848121 -0.30478311 1.40100002 0.000000
0.99474984 -0.29975629 1.39600003 0.000000
0.97534865 -0.29009795 1.36900008 0.000000
0.98444992 -0.28895742 1.38200009 0.000000
0.99996096 -0.28960207 1.40400004 0.000000
0.99268216 -0.28361434 1.39400005 0.000000
0.99608839 -0.28069448 1.39900005 0.000000
1.01088667 -0.28091368 1.42000008 0.000000
0.63441932 -0.22500871 0.88400006 0.000000
0.82814729 -0.26470137 1.15600002 0.000000
1.01351237 -0.30422115 1.41600001 0.000000
0.96539432 -0.28601941 1.34900010 0.000000
0.96738136 -0.28284201 1.35200012 0.000000
0.96937031 -0.27964967 1.35500002 0.000000
0.97994494 -0.27888528 1.37000012 0.000000
0.99624008 -0.27964428 1.39300001 0.000000
1.02182889 -0.28284895 1.42900002 0.000000
0.99209630 -0.24372007 1.38900006 0.000000
-0.75802189 0.04516262 1.67800009 1.000000
-0.75344968 0.04516205 1.67800009 1.000000
-0.75155729 0.04532308 1.68400013 1.000000
-0.74164981 0.04045355 1.67200005 1.000000
-0.74519861 0.04521509 1.68000007 1.000000
-0.74194926 0.03614339 1.68300009 1.000000
-0.73710001 0.04045335 1.67200005 1.000000
-0.74106783 0.04524178 1.68100011 1.000000
-0.75358224 0.02758452 1.72000003 1.000000
-0.74613410 0.03194236 1.70300007 1.000000
-0.73649526 0.03610036 1.68100011 1.000000
-0.73474282 0.04057423 1.67700005 1.000000
-0.73824787 0.04534932 1.68500006 1.000000
-0.74455172 0.03207366 1.71000004 1.000000
-0.73323107 0.03616480 1.68400013 1.000000
-0.73018312 0.04057424 1.67700005 1.000000
-0.73714960 0.04556463 1.69300008 1.000000
-0.74250042 0.03218629 1.71600008 1.000000
-0.73038495 0.03625080 1.68800008 1.000000
-0.72865403 0.04074370 1.68400013 1.000000
-0.73947114 0.04599535 1.70900011 1.000000
-0.73568857 0.03209267 1.71100008 1.000000
-0.72579885 0.03625098 1.68800008 1.000000
-0.72493869 0.04079230 1.68600011 1.000000
-0.73439789 0.04596866 1.70800006 1.000000
-0.72463280 0.03181156 1.69600010 1.000000
-0.71865082 0.03612239 1.68200004 1.000000
-0.72121412 0.04084098 1.68800008 1.000000
-0.73018616 0.04599589 1.70900011 1.000000
-0.71663195 0.03166181 1.68800008 1.000000
-0.71111256 0.03597241 1.67500007 1.000000
-0.71365941 0.04067200 1.68100011 1.000000
-0.72342342 0.04586175 1.70400012 1.000000
-0.71964443 0.02272225 1.70600009 1.000000
-0.72090954 0.02740915 1.70900011 1.000000
-0.71331620 0.03171846 1.69100010 1.000000
-0.70783192 0.03603726 1.67800009 1.000000
-0.70825326 0.04062409 1.67900014 1.000000
-0.72259498 0.04610452 1.71300006 1.000000
-0.71501577 0.02272257 1.70600009 1.000000
-0.71333849 0.03192524 1.70200002 1.000000
-0.70495564 0.03612367 1.68200004 1.000000
-0.70495504 0.04069724 1.68200004 1.000000
-0.70206094 0.01787201 1.68600011 1.000000
-0.70997125 0.03198204 1.70500004 1.000000
-0.70122623 0.03616721 1.68400013 1.000000
-0.69997627 0.04067370 1.68100011 1.000000
-0.70079923 0.01335075 1.69400012 1.000000
-0.70328110 0.01802075 1.70000005 1.000000
-0.70493436 0.03196387 1.70400012 1.000000
-0.69624615 0.03614639 1.68300009 1.000000
-0.69583166 0.04069863 1.68200004 1.000000
-0.70451844 0.04583757 1.70300007 1.000000
-0.69497240 0.03172067 1.69100010 1.000000
-0.68798488 0.03595383 1.67400002 1.000000
-0.68716216 0.04045749 1.67200005 1.000000
-0.69825780 0.04573083 1.69900012 1.000000
-0.68834829 0.03162759 1.68600011 1.000000
-0.68263167 0.03591169 1.67200005 1.000000
-0.68222249 0.04043420 1.67100012 1.000000
-0.68957043 0.04546268 1.68900013 1.000000
-0.68013024 0.03145953 1.67700005 1.000000
-0.67526257 0.03576221 1.66500008 1.000000
-0.67485607 0.04026579 1.66400003 1.000000
-0.67850506 0.04503309 1.67300010 1.000000
-0.68418175 0.04999750 1.68700004 1.000000
-0.68565983 0.02730081 1.70200002 1.000000
-0.67558765 0.03146037 1.67700005 1.000000
-0.67034960 0.03574168 1.66400003 1.000000
-0.66833431 0.04014586 1.65900004 1.000000
-0.66994452 0.04476509 1.66300011 1.000000
-0.67518038 0.04967279 1.67600012 1.000000
-0.68105143 0.02267289 1.70200002 1.000000
-0.67224753 0.02694869 1.68000007 1.000000
-0.66624445 0.03123614 1.66500008 1.000000
-0.66264212 0.03557086 1.65600014 1.000000
-0.66184074 0.04002600 1.65400004 1.000000
-0.66344005 0.04463175 1.65800011 1.000000
-0.67723888 0.01806594 1.70400012 1.000000
-0.66809714 0.02239383 1.68100011 1.000000
-0.66292965 0.02675702 1.66800010 1.000000
-0.66014671 0.03116204 1.66100013 1.000000
-0.65855587 0.03559341 1.65700006 1.000000
-0.65736234 0.04002720 1.65400004 1.000000
-0.66512650 0.01786508 1.68500006 1.000000
-0.65881008 0.02223469 1.66900003 1.000000
-0.65565145 0.02664559 1.66100013 1.000000
-0.65288728 0.03103171 1.65400004 1.000000
-0.65209675 0.03548715 1.65200007 1.000000
-0.65446395 0.04012529 1.65800011 1.000000
-0.65468526 0.02224877 1.67000008 1.000000
-0.65311635 0.02672671 1.66600013 1.000000
-0.65037113 0.03112658 1.65900004 1.000000
-0.64880180 0.03555280 1.65500009 1.000000
-0.64977634 0.02677580 1.66900003 1.000000
-0.64704996 0.03118399 1.66200006 1.000000
-0.64665943 0.03568297 1.66100013 1.000000
-0.64525998 0.03131650 1.66900003 1.000000
-0.64448547 0.03581321 1.66700006 1.000000
-0.63729018 0.03114886 1.66000009 1.000000
-0.63728881 0.03566422 1.66000009 1.000000
-0.63203824 0.03111260 1.65800011 1.000000
-0.63127446 0.03557974 1.65600014 1.000000
-0.62717628 0.03109516 1.65700006 1.000000
-0.62679631 0.03558125 1.65600014 1.000000
-0.62570381 0.02671711 1.66500008 1.000000
-0.62419933 0.03117160 1.66100013 1.000000
-0.61896408 0.02662205 1.65900004 1.000000
-0.61821651 0.03109796 1.65700006 1.000000
-0.61188698 0.02651097 1.65200007 1.000000
-0.61299676 0.03106189 1.65500009 1.000000
-0.60668659 0.02648017 1.65000010 1.000000
-0.60668522 0.03096956 1.65000010 1.000000
-0.60222751 0.02648151 1.65000010 1.000000
-0.60149598 0.03093358 1.64800012 1.000000
-0.59885556 0.02653103 1.65300012 1.000000
-0.59668028 0.03091640 1.64700007 1.000000
-0.59366983 0.02650033 1.65100002 1.000000
-0.59151083 0.03088050 1.64500010 1.000000
-0.58813846 0.02645362 1.64800012 1.000000
-0.58670932 0.03086340 1.64400005 1.000000
-0.58262485 0.02192995 1.64500010 1.000000
-0.58120680 0.02634273 1.64100003 1.000000
-0.58085102 0.03079003 1.64000010 1.000000
-0.57712644 0.02189120 1.64200008 1.000000
-0.57712507 0.02636028 1.64200008 1.000000
-0.57888085 0.03092321 1.64700007 1.000000
-0.56885421 0.02174582 1.63100004 1.000000
-0.57024789 0.02624944 1.63500011 1.000000
-0.57233888 0.03081235 1.64100003 1.000000
-0.57033283 0.01748782 1.64800012 1.000000
-0.56583267 0.02180045 1.63500011 1.000000
-0.56617731 0.02626706 1.63600004 1.000000
-0.56825197 0.03083296 1.64200008 1.000000
-0.56381977 0.02189512 1.64200008 1.000000
-0.56244481 0.02630077 1.63800013 1.000000
-0.56209975 0.03074094 1.63700008 1.000000
-0.56142849 0.02197649 1.64800012 1.000000
-0.55904227 0.02635056 1.64100003 1.000000
-0.55596316 0.02193786 1.64500010 1.000000
-0.55393374 0.02632010 1.63900006 1.000000
-0.55084926 0.02191260 1.64300013 1.000000
-0.54917133 0.02630573 1.63800013 1.000000
-0.54940581 0.01753580 1.65200007 1.000000
-0.54707652 0.02194070 1.64500010 1.000000
-0.54507947 0.02632350 1.63900006 1.000000
-0.54640794 0.03086143 1.64300013 1.000000
-0.54296434 0.01747326 1.64600003 1.000000
-0.54164350 0.02190213 1.64200008 1.000000
-0.53966266 0.02627706 1.63600004 1.000000
-0.53786385 0.01745320 1.64400005 1.000000
-0.53491801 0.02181023 1.63500011 1.000000
-0.53328061 0.02618244 1.63000011 1.000000
-0.53050292 0.01735884 1.63500011 1.000000
-0.52952814 0.02177169 1.63200009 1.000000
-0.52757967 0.02611997 1.62600005 1.000000
-0.52737337 0.01740251 1.63900006 1.000000
-0.52608490 0.02181322 1.63500011 1.000000
-0.52358383 0.01742496 1.64100003 1.000000
-0.52262533 0.02185477 1.63800013 1.000000
-0.52136517 0.01750053 1.64800012 1.000000
-0.51946568 0.02190968 1.64200008 1.000000
-0.51377636 0.01739558 1.63800013 1.000000
-0.51408863 0.02187121 1.63900006 1.000000
-0.50872892 0.01737560 1.63600004 1.000000
-0.50934947 0.02185945 1.63800013 1.000000
-0.50122595 0.01727065 1.62600005 1.000000
-0.50214928 0.02174093 1.62900007 1.000000
-0.49622118 0.01725068 1.62400007 1.000000
-0.49621978 0.02167580 1.62400007 1.000000
-0.49274233 0.01285018 1.62700009 1.000000
-0.49122694 0.01723072 1.62200010 1.000000
-0.48954588 0.01288274 1.63100004 1.000000
-0.48864430 0.01729576 1.62800002 1.000000
-0.48954326 0.02177248 1.63100004 1.000000
-0.48722070 0.00847468 1.63800013 1.000000
-0.48513770 0.01288372 1.63100004 1.000000
-0.48483917 0.01731832 1.63000011 1.000000
-0.48632491 0.02182753 1.63500011 1.000000
-0.48338276 0.00848568 1.64000010 1.000000
-0.48131871 0.01290050 1.63300014 1.000000
-0.48043332 0.01731964 1.63000011 1.000000
-0.48161080 0.02181585 1.63400006 1.000000
-0.48041013 0.00402809 1.64500010 1.000000
-0.47865736 0.00848116 1.63900006 1.000000
-0.47690430 0.01290149 1.63300014 1.000000
-0.47631907 0.01733160 1.63100004 1.000000
-0.47719365 0.02181752 1.63400006 1.000000
-0.47306964 -0.00045330 1.63500011 1.000000
-0.47625217 0.00403085 1.64600003 1.000000
-0.47422630 0.00848181 1.63900006 1.000000
-0.47220016 0.01289459 1.63200009 1.000000
-0.47046295 0.01727980 1.62600005 1.000000
-0.46959344 0.02167232 1.62300003 1.000000
-0.46843421 0.02603236 1.61900008 1.000000
-0.47466826 -0.00045916 1.65600014 1.000000
-0.47208843 0.00403361 1.64700007 1.000000
-0.46864828 0.00846177 1.63500011 1.000000
-0.46549445 0.01283238 1.62400007 1.000000
-0.46434677 0.01721738 1.62000012 1.000000
-0.46205217 0.02152711 1.61200011 1.000000
-0.46990639 -0.00045891 1.65500009 1.000000
-0.46820265 0.00403883 1.64900005 1.000000
-0.46309140 0.00844173 1.63100004 1.000000
-0.45968336 0.01279388 1.61900008 1.000000
-0.45854652 0.01716558 1.61500013 1.000000
-0.46711797 -0.00046061 1.66100013 1.000000
-0.46289945 0.00403180 1.64600003 1.000000
-0.45699322 0.00841134 1.62500012 1.000000
-0.45474252 0.01277908 1.61700010 1.000000
-0.45502257 0.01719882 1.61800003 1.000000
-0.46206847 -0.00046010 1.65900004 1.000000
-0.45789051 0.00402722 1.64400005 1.000000
-0.45231959 0.00840683 1.62400007 1.000000
-0.45259729 0.01284332 1.62500012 1.000000
-0.45371014 0.01731712 1.62900007 1.000000
-0.45702925 -0.00045958 1.65700006 1.000000
-0.45427093 0.00403489 1.64700007 1.000000
-0.44737503 0.00839715 1.62200010 1.000000
-0.44847739 0.01285225 1.62600005 1.000000
-0.45151016 0.01740355 1.63700008 1.000000
-0.45637003 -0.00046350 1.67100012 1.000000
-0.44844967 0.00402296 1.64200008 1.000000
-0.44407934 0.00841853 1.62600005 1.000000
-0.44462469 0.01286908 1.62800002 1.000000
-0.44872016 0.01746874 1.64300013 1.000000
-0.44265485 0.00401103 1.63700008 1.000000
-0.43859825 0.00839849 1.62200010 1.000000
-0.43886781 0.01283059 1.62300003 1.000000
-0.43967775 0.01728937 1.62600005 1.000000
-0.43420896 0.00839917 1.62200010 1.000000
-0.43313733 0.01279209 1.61800003 1.000000
-0.43554538 0.01730140 1.62700009 1.000000
-0.42849413 0.00837395 1.61700010 1.000000
-0.42743334 0.01275359 1.61300004 1.000000
-0.43326196 0.01738788 1.63500011 1.000000
-0.42726514 0.00399240 1.62900007 1.000000
-0.42437944 0.00837981 1.61800003 1.000000
-0.42280489 0.01274671 1.61200011 1.000000
-0.42207652 -0.00045120 1.62600005 1.000000
-0.42207640 0.00398537 1.62600005 1.000000
-0.42103755 0.00840121 1.62200010 1.000000
-0.42025799 0.01280311 1.61900008 1.000000
-0.41613257 0.00397099 1.62000012 1.000000
-0.41664582 0.00840189 1.62200010 1.000000
-0.41767237 0.01285951 1.62600005 1.000000
-0.41098309 0.00396396 1.61700010 1.000000
-0.41225341 0.00840258 1.62200010 1.000000
-0.41377747 0.01287637 1.62800002 1.000000
-0.40635204 0.00396183 1.61600006 1.000000
-0.40710586 0.00838772 1.61900008 1.000000
-0.40911669 0.01286951 1.62700009 1.000000
-0.40222326 0.00396460 1.61700010 1.000000
-0.40296903 0.00839358 1.62000012 1.000000
-0.40227115 -0.00045388 1.63500011 1.000000
-0.39858046 0.00397228 1.62000012 1.000000
-0.39931801 0.00840981 1.62300003 1.000000
-0.40497601 0.01302193 1.64600003 1.000000
-0.39516410 -0.00045086 1.62400007 1.000000
-0.39370400 0.00396770 1.61800003 1.000000
-0.39443347 0.00840014 1.62100005 1.000000
-0.40197575 0.01307047 1.65200007 1.000000
-0.38980034 -0.00044979 1.62000012 1.000000
-0.38883770 0.00396312 1.61600006 1.000000
-0.38907781 0.00838010 1.61700010 1.000000
-0.41049179 0.01349881 1.70600009 1.000000
-0.38445741 -0.00044872 1.61600006 1.000000
-0.38350567 0.00395364 1.61200011 1.000000
-0.38279143 0.00833932 1.60900009 1.000000
-0.38078189 -0.00044959 1.61900008 1.000000
-0.37890017 0.00395151 1.61100006 1.000000
-0.37795892 0.00832963 1.60700011 1.000000
-0.37639186 -0.00044962 1.61900008 1.000000
-0.37499681 0.00395673 1.61300004 1.000000
-0.37453136 0.00835105 1.61100006 1.000000
-0.37223083 -0.00044994 1.62000012 1.000000
-0.37062231 0.00395706 1.61300004 1.000000
-0.37532935 -0.00497379 1.65300012 1.000000
-0.36738247 -0.00044942 1.61800003 1.000000
-0.36601996 0.00395492 1.61200011 1.000000
-0.36321700 -0.00487188 1.61900008 1.000000
-0.36142242 -0.00044751 1.61100006 1.000000
-0.36097357 0.00394788 1.60900009 1.000000
-0.36187047 0.00836345 1.61300004 1.000000
-0.35505629 -0.00044505 1.60200012 1.000000
-0.35527778 0.00393348 1.60300004 1.000000
-0.35793689 0.00837450 1.61500013 1.000000
-0.35027066 -0.00044453 1.60000002 1.000000
-0.35092726 0.00393380 1.60300004 1.000000
-0.35421056 0.00839073 1.61800003 1.000000
-0.34700856 -0.00044595 1.60500002 1.000000
-0.34765700 0.00394638 1.60800004 1.000000
-0.34265098 -0.00044599 1.60500002 1.000000
-0.34286436 0.00394179 1.60600007 1.000000
-0.34670669 0.00842320 1.62400007 1.000000
-0.33787113 -0.00044547 1.60300004 1.000000
-0.33766025 0.00393229 1.60200012 1.000000
-0.33892438 0.00834088 1.60800004 1.000000
-0.33372554 -0.00044578 1.60400009 1.000000
-0.33289313 0.00392769 1.60000002 1.000000
-0.33372492 0.00832079 1.60400009 1.000000
-0.33162707 -0.00044887 1.61500013 1.000000
-0.32957351 0.00394028 1.60500002 1.000000
-0.32916233 0.00831626 1.60300004 1.000000
-0.32541537 0.00394304 1.60600007 1.000000
-0.32521224 0.00832729 1.60500002 1.000000
-0.32642716 0.01276150 1.61100006 1.000000
-0.32005152 0.00393108 1.60100007 1.000000
-0.32005107 0.00830719 1.60100007 1.000000
-0.32144958 0.01273873 1.60800004 1.000000
-0.31510845 0.00392401 1.59800005 1.000000
-0.31530517 0.00829746 1.59900010 1.000000
-0.31609312 0.01270011 1.60300004 1.000000
-0.31076425 0.00392432 1.59800005 1.000000
-0.31115270 0.00830329 1.60000002 1.000000
-0.31251320 0.01273279 1.60700011 1.000000
-0.30737802 0.00393690 1.60300004 1.000000
-0.30776104 0.00832988 1.60500002 1.000000
-0.30948600 0.01278924 1.61400008 1.000000
-0.30434185 0.00395440 1.61000013 1.000000
-0.30396327 0.00834609 1.60800004 1.000000
-0.30490759 0.01278229 1.61300004 1.000000
-0.29977620 0.00395224 1.60900009 1.000000
-0.29903045 0.00833115 1.60500002 1.000000
-0.29921597 0.01272778 1.60600007 1.000000
-0.29539877 0.00395254 1.60900009 1.000000
-0.29466394 0.00833178 1.60500002 1.000000
-0.29626593 -0.00045558 1.63800013 1.000000
-0.29174402 0.00396266 1.61300004 1.000000
-0.29083923 0.00834798 1.60800004 1.000000
-0.30338737 -0.00513146 1.70300007 1.000000
-0.29109532 -0.00045450 1.63400006 1.000000
-0.28877926 0.00398261 1.62100005 1.000000
-0.28788805 0.00839013 1.61600006 1.000000
-0.28806543 0.01281784 1.61700010 1.000000
-0.29190943 -0.00956573 1.66400003 1.000000
-0.28419143 -0.00045064 1.62000012 1.000000
-0.28366500 0.00397307 1.61700010 1.000000
-0.28419080 0.00841152 1.62000012 1.000000
-0.28444219 -0.01397392 1.64700007 1.000000
-0.28530654 -0.00949744 1.65200007 1.000000
-0.27995327 -0.00488510 1.62100005 1.000000
-0.27805370 -0.00044789 1.61000013 1.000000
-0.27719006 0.00394388 1.60500002 1.000000
-0.27839854 0.00837059 1.61200011 1.000000
-0.27893811 -0.00943489 1.64100003 1.000000
-0.27587900 -0.00489148 1.62300003 1.000000
-0.27298951 -0.00044681 1.60600007 1.000000
-0.27213949 0.00393433 1.60100007 1.000000
-0.27179906 0.00830369 1.59900010 1.000000
-0.27078944 -0.00487977 1.61900008 1.000000
-0.26861531 -0.00044684 1.60600007 1.000000
-0.26727712 0.00392724 1.59800005 1.000000
-0.26828027 0.00833025 1.60400009 1.000000
-0.26473373 -0.00484997 1.60900009 1.000000
-0.26374671 -0.00044604 1.60300004 1.000000
-0.26325297 0.00393244 1.60000002 1.000000
-0.26654321 0.00841394 1.62000012 1.000000
-0.26002616 -0.00484429 1.60700011 1.000000
-0.25905547 -0.00044552 1.60100007 1.000000
-0.25889352 0.00393271 1.60000002 1.000000
-0.25548768 -0.00484161 1.60600007 1.000000
-0.25532877 -0.00044666 1.60500002 1.000000
-0.25580591 0.00395265 1.60800004 1.000000
-0.25111026 -0.00484194 1.60600007 1.000000
-0.25079772 -0.00044641 1.60400009 1.000000
-0.25376838 0.00398980 1.62300003 1.000000
-0.26533839 0.00881570 1.69700003 1.000000
-0.24842153 -0.00930079 1.61700010 1.000000
-0.24642478 -0.00483624 1.60400009 1.000000
-0.24596408 -0.00044561 1.60100007 1.000000
-0.25441369 0.00407120 1.65600014 1.000000
-0.24280529 -0.00925540 1.60900009 1.000000
-0.24144760 -0.00482450 1.60000002 1.000000
-0.24114598 -0.00044480 1.59800005 1.000000
-0.23856474 -0.01366852 1.61000013 1.000000
-0.23782459 -0.00923300 1.60500002 1.000000
-0.23708415 -0.00482482 1.60000002 1.000000
-0.23678797 -0.00044483 1.59800005 1.000000
-0.21773008 -0.03319765 1.49700010 1.000000
-0.21715029 -0.02902254 1.49300003 1.000000
-0.23373692 -0.01364394 1.60700011 1.000000
-0.23286495 -0.00921059 1.60100007 1.000000
-0.23228364 -0.00481609 1.59700012 1.000000
-0.23432009 -0.00044848 1.61100006 1.000000
-0.20822078 -0.03635051 1.45900011 1.000000
-0.21350347 -0.03317760 1.49600005 1.000000
-0.21521805 -0.02931602 1.50800002 1.000000
-0.21621884 -0.02530511 1.51500010 1.000000
-0.22878198 -0.01361086 1.60300004 1.000000
-0.22764090 -0.00917667 1.59500003 1.000000
-0.22735593 -0.00480434 1.59300005 1.000000
-0.21068150 -0.03337932 1.50500011 1.000000
-0.21082346 -0.02927900 1.50600004 1.000000
-0.21250507 -0.02535683 1.51800013 1.000000
-0.22062601 -0.02201134 1.57600009 1.000000
-0.22216818 -0.01347586 1.58700013 1.000000
-0.22258885 -0.00914848 1.59000003 1.000000
-0.22216932 -0.00478655 1.58700013 1.000000
-0.20629984 -0.03333705 1.50300002 1.000000
-0.20589003 -0.02916417 1.50000012 1.000000
-0.20657800 -0.02514126 1.50500011 1.000000
-0.21495245 -0.02187305 1.56600010 1.000000
-0.21728712 -0.01777665 1.58300006 1.000000
-0.21660177 -0.01340028 1.57800007 1.000000
-0.21742605 -0.00911453 1.58400011 1.000000
-0.21852461 -0.00480193 1.59200013 1.000000
-0.22003467 -0.00044634 1.60300004 1.000000
-0.20246440 -0.03750361 1.50500011 1.000000
-0.20246656 -0.03338347 1.50500011 1.000000
-0.20166129 -0.02914653 1.49900007 1.000000
-0.21162099 -0.01766544 1.57300007 1.000000
-0.21175647 -0.01336714 1.57400012 1.000000
-0.21310250 -0.00911510 1.58400011 1.000000
-0.21512093 -0.00482334 1.59900010 1.000000
-0.21498658 -0.00044497 1.59800005 1.000000
-0.19861950 -0.03755573 1.50700009 1.000000
-0.19862165 -0.03342986 1.50700009 1.000000
-0.19967793 -0.02945942 1.51500010 1.000000
-0.20811489 -0.02638067 1.57900012 1.000000
-0.21127960 -0.02239259 1.60300004 1.000000
-0.20745856 -0.01767775 1.57400012 1.000000
-0.20825031 -0.01341891 1.58000004 1.000000
-0.20864639 -0.00910989 1.58300006 1.000000
-0.19592461 -0.03783211 1.51800013 1.000000
-0.19618487 -0.03372025 1.52000010 1.000000
-0.19683211 -0.02965564 1.52500010 1.000000
-0.20135123 -0.02606479 1.56000006 1.000000
-0.20457944 -0.02214247 1.58500004 1.000000
-0.20432249 -0.01777989 1.58300006 1.000000
-0.20445248 -0.01345369 1.58400011 1.000000
-0.20432407 -0.00911044 1.58300006 1.000000
-0.19720939 -0.04318013 1.56100011 1.000000
-0.19405335 -0.03828296 1.53600001 1.000000
-0.19304477 -0.03389972 1.52800012 1.000000
-0.19329928 -0.02975462 1.53000009 1.000000
-0.20176572 -0.02668456 1.59700012 1.000000
-0.20088273 -0.02221362 1.59000003 1.000000
-0.20012586 -0.01779217 1.58400011 1.000000
-0.20012678 -0.01345448 1.58400011 1.000000
-0.20088549 -0.00915127 1.59000003 1.000000
-0.19356397 -0.04332093 1.56600010 1.000000
-0.19097061 -0.03850950 1.54500008 1.000000
-0.19084908 -0.03425666 1.54400003 1.000000
-0.19641633 -0.02220094 1.58900011 1.000000
-0.19579944 -0.01779320 1.58400011 1.000000
-0.19567671 -0.01344676 1.58300006 1.000000
-0.19641905 -0.00914604 1.58900011 1.000000
-0.18916532 -0.04329572 1.56500006 1.000000
-0.18747541 -0.03866124 1.55100012 1.000000
-0.18844447 -0.03459143 1.55900002 1.000000
-0.19981036 -0.02762344 1.65300012 1.000000
-0.19159205 -0.02214631 1.58500004 1.000000
-0.19062614 -0.01771558 1.57700002 1.000000
-0.19062702 -0.01339656 1.57700002 1.000000
-0.19111119 -0.00910051 1.58100009 1.000000
-0.18559848 -0.04346413 1.57100010 1.000000
-0.18382862 -0.03878803 1.55600011 1.000000
-0.18702051 -0.03512591 1.58300006 1.000000
-0.19623926 -0.02775868 1.66100013 1.000000
-0.18702526 -0.02211960 1.58300006 1.000000
-0.18619934 -0.01770533 1.57600009 1.000000
-0.18643647 -0.01340580 1.57800007 1.000000
-0.18809117 -0.00916434 1.59200013 1.000000
-0.18119031 -0.04343883 1.57000005 1.000000
-0.18015386 -0.03891480 1.56100011 1.000000
-0.18835001 -0.03621517 1.63200009 1.000000
-0.18569894 -0.02689112 1.60900009 1.000000
-0.18131459 -0.02195312 1.57100010 1.000000
-0.18143107 -0.01766136 1.57200003 1.000000
-0.18293230 -0.01346601 1.58500004 1.000000
-0.19366652 -0.00965993 1.67800009 1.000000
-0.17588556 -0.04319213 1.56100011 1.000000
-0.17453560 -0.03861772 1.54900002 1.000000
-0.18129820 -0.03570670 1.60900009 1.000000
-0.17837185 -0.02645801 1.58300006 1.000000
-0.17623223 -0.02185648 1.56400013 1.000000
-0.17690936 -0.01763984 1.57000005 1.000000
-0.17905113 -0.01350072 1.58900011 1.000000
-0.17018193 -0.05555321 1.54800010 1.000000
-0.17029464 -0.05134704 1.54900002 1.000000
-0.17238605 -0.04768256 1.56800008 1.000000
-0.17150889 -0.04316673 1.56000006 1.000000
-0.17140107 -0.03886906 1.55900002 1.000000
-0.17063336 -0.03444357 1.55200005 1.000000
-0.17283542 -0.02627554 1.57200003 1.000000
-0.17206706 -0.02187161 1.56500006 1.000000
-0.17217803 -0.01759583 1.56600010 1.000000
-0.17668673 -0.01365437 1.60700011 1.000000
-0.16637908 -0.05569961 1.55200005 1.000000
-0.16670340 -0.05154857 1.55500007 1.000000
-0.16724195 -0.04744172 1.56000006 1.000000
-0.16724426 -0.04316894 1.56000006 1.000000
-0.16788961 -0.03904559 1.56600010 1.000000
-0.16799866 -0.03477825 1.56700003 1.000000
-0.16907245 -0.03068040 1.57700002 1.000000
-0.16950276 -0.02642733 1.58100009 1.000000
-0.16918236 -0.02205442 1.57800007 1.000000
-0.16907614 -0.01772034 1.57700002 1.000000
-0.17079237 -0.01353611 1.59300005 1.000000
-0.16203143 -0.05566651 1.55100012 1.000000
-0.16213854 -0.05145169 1.55200005 1.000000
-0.16266334 -0.04735287 1.55700004 1.000000
-0.16203876 -0.04292205 1.55100012 1.000000
-0.16266762 -0.03882315 1.55700004 1.000000
-0.16266945 -0.03455805 1.55700004 1.000000
-0.16392480 -0.03052630 1.56900012 1.000000
-0.16455308 -0.02632837 1.57500005 1.000000
-0.16580805 -0.02218133 1.58700013 1.000000
-0.16685382 -0.01794598 1.59700012 1.000000
-0.15870856 -0.05171945 1.56000006 1.000000
-0.15840574 -0.04735519 1.55700004 1.000000
-0.15728882 -0.04278578 1.54600012 1.000000
-0.15729079 -0.03855076 1.54600012 1.000000
-0.15820825 -0.03451537 1.55500007 1.000000
-0.15902376 -0.03041106 1.56300008 1.000000
-0.15983909 -0.02626280 1.57100010 1.000000
-0.16106118 -0.02212651 1.58300006 1.000000
-0.16299531 -0.01800305 1.60200012 1.000000
-0.16360655 -0.01366494 1.60800004 1.000000
-0.16126697 -0.00912690 1.58500004 1.000000
-0.16533728 -0.00045279 1.62500012 1.000000
-0.16635466 0.00402405 1.63500011 1.000000
-0.15553123 -0.05208663 1.57100010 1.000000
-0.15434557 -0.04741829 1.55900002 1.000000
-0.15315966 -0.04281551 1.54700005 1.000000
-0.15296356 -0.03852767 1.54500008 1.000000
-0.15405437 -0.03453922 1.55600011 1.000000
-0.15544201 -0.03054872 1.57000005 1.000000
-0.15593842 -0.02633093 1.57500005 1.000000
-0.15663263 -0.02211360 1.58200002 1.000000
-0.15811874 -0.01794773 1.59700012 1.000000
-0.15930761 -0.01367410 1.60900009 1.000000
-0.15693191 -0.00912734 1.58500004 1.000000
-0.15732828 -0.00479659 1.58900011 1.000000
-0.15911061 -0.00044780 1.60700011 1.000000
-0.16178381 0.00402178 1.63400006 1.000000
-0.15094773 -0.04769427 1.56800008 1.000000
-0.15066104 -0.04331572 1.56500006 1.000000
-0.15095176 -0.03910306 1.56800008 1.000000
-0.15182143 -0.03068637 1.57700002 1.000000
-0.15201531 -0.02639905 1.57900012 1.000000
-0.15192015 -0.02205872 1.57800007 1.000000
-0.15307637 -0.01786990 1.59000003 1.000000
-0.15586907 -0.01375973 1.61900008 1.000000
-0.14768490 -0.05235671 1.57900012 1.000000
-0.14871809 -0.04400967 1.59000003 1.000000
-0.14918765 -0.03977821 1.59500003 1.000000
-0.14797486 -0.03078507 1.58200002 1.000000
-0.14788264 -0.02643370 1.58100009 1.000000
-0.14825788 -0.02215759 1.58500004 1.000000
-0.14825881 -0.01781452 1.58500004 1.000000
-0.14863367 -0.01350538 1.58900011 1.000000
-0.14464210 -0.03973011 1.59300005 1.000000
-0.14328176 -0.03503237 1.57800007 1.000000
-0.14301080 -0.03065022 1.57500005 1.000000
-0.14328447 -0.02638471 1.57800007 1.000000
-0.14346714 -0.02208868 1.58000004 1.000000
-0.14355882 -0.01777036 1.58100009 1.000000
-0.14246987 -0.01333599 1.56900012 1.000000
-0.13887405 -0.03933276 1.57700002 1.000000
-0.13896370 -0.03503389 1.57800007 1.000000
-0.13878898 -0.03067102 1.57600009 1.000000
-0.13905440 -0.02640259 1.57900012 1.000000
-0.13914351 -0.02208965 1.58000004 1.000000
-0.13896823 -0.01773741 1.57800007 1.000000
-0.14002569 -0.01351507 1.59000003 1.000000
-0.13575283 -0.03968362 1.59100008 1.000000
-0.13430384 -0.03494656 1.57400012 1.000000
-0.13421987 -0.03061393 1.57300007 1.000000
-0.13447703 -0.02635353 1.57600009 1.000000
-0.13405141 -0.02196475 1.57100010 1.000000
-0.13422289 -0.01768196 1.57300007 1.000000
-0.12991309 -0.03492580 1.57300007 1.000000
-0.12991442 -0.03061518 1.57300007 1.000000
-0.13024594 -0.02637134 1.57700002 1.000000
-0.13016513 -0.01771641 1.57600009 1.000000
-0.12536761 -0.03486057 1.57000005 1.000000
-0.12576815 -0.03065533 1.57500005 1.000000
-0.12576926 -0.02633894 1.57500005 1.000000
-0.12545158 -0.01766091 1.57100010 1.000000
-0.12601116 -0.01341473 1.57800007 1.000000
-0.12122362 -0.03490632 1.57200003 1.000000
-0.12153335 -0.03067598 1.57600009 1.000000
-0.12153442 -0.02635668 1.57600009 1.000000
-0.12230651 -0.02217712 1.58600008 1.000000
-0.12037935 -0.01754917 1.56100011 1.000000
-0.12115110 -0.01335574 1.57100010 1.000000
-0.11706686 -0.03926574 1.57400012 1.000000
-0.11662197 -0.03481881 1.56800008 1.000000
-0.11692067 -0.03059926 1.57200003 1.000000
-0.11684734 -0.02627405 1.57100010 1.000000
-0.11677457 -0.01765101 1.57000005 1.000000
-0.11182553 -0.03894284 1.56100011 1.000000
-0.11225666 -0.03479785 1.56700003 1.000000
-0.11232947 -0.03052250 1.56800008 1.000000
-0.11268867 -0.02630845 1.57300007 1.000000
-0.10741284 -0.03889430 1.55900002 1.000000
-0.10741410 -0.03462140 1.55900002 1.000000
-0.10762192 -0.03040677 1.56200004 1.000000
-0.10817409 -0.02625919 1.57000005 1.000000
-0.10307684 -0.03887066 1.55800009 1.000000
-0.10301189 -0.03457815 1.55700004 1.000000
-0.10281446 -0.03025205 1.55400002 1.000000
-0.10374165 -0.02622662 1.56800008 1.000000
-0.09899957 -0.03894676 1.56100011 1.000000
-0.09868365 -0.03455706 1.55600011 1.000000
-0.09843098 -0.03021409 1.55200005 1.000000
-0.09502561 -0.04336505 1.56600010 1.000000
-0.09496617 -0.03904776 1.56500006 1.000000
-0.09490661 -0.03473580 1.56400013 1.000000
-0.09569646 -0.03070174 1.57700002 1.000000
-0.09044574 -0.04322787 1.56100011 1.000000
-0.09073664 -0.03907387 1.56600010 1.000000
-0.09108535 -0.03491451 1.57200003 1.000000
-0.08594685 -0.04738605 1.55700004 1.000000
-0.08561689 -0.04295216 1.55100012 1.000000
-0.08578362 -0.03877555 1.55400002 1.000000
-0.08600545 -0.03460455 1.55800009 1.000000
-0.08871130 -0.03128760 1.60700011 1.000000
-0.08173315 -0.04741776 1.55800009 1.000000
-0.08157695 -0.04306409 1.55500007 1.000000
-0.08157803 -0.03880155 1.55500007 1.000000
-0.08163146 -0.03456106 1.55600011 1.000000
-0.08362591 -0.03103534 1.59400010 1.000000
-0.07979948 -0.05324878 1.60500002 1.000000
-0.07756335 -0.04747984 1.56000006 1.000000
-0.07741532 -0.04312058 1.55700004 1.000000
-0.07721746 -0.03875263 1.55300009 1.000000
-0.07352205 -0.05192297 1.56500006 1.000000
-0.07300645 -0.04729838 1.55400002 1.000000
-0.07300752 -0.04303854 1.55400002 1.000000
-0.07319640 -0.03887835 1.55800009 1.000000
-0.06852527 -0.05139331 1.54900002 1.000000
-0.06830517 -0.04699509 1.54400003 1.000000
-0.06821769 -0.04270718 1.54200006 1.000000
-0.06419688 -0.05132806 1.54700005 1.000000
-0.06399041 -0.04693523 1.54200006 1.000000
-0.06386685 -0.04262501 1.53900003 1.000000
-0.06011068 -0.05571329 1.55100012 1.000000
-0.05987918 -0.05126273 1.54500008 1.000000
-0.05984138 -0.04699705 1.54400003 1.000000
-0.05972600 -0.04268127 1.54100013 1.000000
-0.05571529 -0.05557065 1.54700005 1.000000
-0.05578829 -0.05139642 1.54900002 1.000000
-0.05586123 -0.04721101 1.55100012 1.000000
-0.05579002 -0.04290366 1.54900002 1.000000
-0.05157544 -0.05143050 1.55000007 1.000000
-0.05167609 -0.04727272 1.55300009 1.000000
-0.05171013 -0.04304290 1.55400002 1.000000
-0.04729498 -0.05564436 1.54900002 1.000000
-0.04747901 -0.05159724 1.55500007 1.000000
-0.04766297 -0.04751701 1.56100011 1.000000
-0.04310409 -0.05571704 1.55100012 1.000000
-0.04327159 -0.05166436 1.55700004 1.000000
-0.04346684 -0.04760903 1.56400013 1.000000
-0.04382878 -0.04368131 1.57700002 1.000000
-0.03895215 -0.05586147 1.55500007 1.000000
-0.03910313 -0.05179779 1.56100011 1.000000
-0.03935427 -0.04782275 1.57100010 1.000000
-0.03459965 -0.05571844 1.55100012 1.000000
-0.03477873 -0.05173204 1.55900002 1.000000
-0.03506930 -0.04785377 1.57200003 1.000000
-0.02981836 -0.05892674 1.52400005 1.000000
-0.03005372 -0.05518016 1.53600001 1.000000
-0.03024991 -0.05130121 1.54600012 1.000000
-0.03050477 -0.04745853 1.55900002 1.000000
-0.02606050 -0.05989393 1.54900002 1.000000
-0.02589275 -0.05528845 1.53900003 1.000000
-0.02592685 -0.05113577 1.54100013 1.000000
-0.02601140 -0.04706324 1.54600012 1.000000
-0.02178522 -0.05981707 1.54700005 1.000000
-0.02164481 -0.05521703 1.53700006 1.000000
-0.02163111 -0.05097025 1.53600001 1.000000
-0.02149063 -0.04645476 1.52600002 1.000000
-0.01738474 -0.05927612 1.53300011 1.000000
-0.01741909 -0.05518146 1.53600001 1.000000
-0.01741939 -0.05097058 1.53600001 1.000000
-0.01744236 -0.04682037 1.53800011 1.000000
-0.01308675 -0.05885107 1.52200007 1.000000
-0.01316438 -0.05500211 1.53100002 1.000000
-0.01318181 -0.05087129 1.53300011 1.000000
-0.00896616 -0.05919930 1.53100002 1.000000
-0.00902489 -0.05536157 1.54100013 1.000000
-0.00907190 -0.05140241 1.54900002 1.000000
-0.00475880 -0.05908343 1.52800012 1.000000
-0.00479626 -0.05532577 1.54000008 1.000000
-0.00482126 -0.05136935 1.54800010 1.000000
-0.00056862 -0.05904482 1.52700007 1.000000
-0.00057198 -0.05518212 1.53600001 1.000000
-0.00057832 -0.05153532 1.55300009 1.000000
0.00361371 -0.05896745 1.52500010 1.000000
0.00361615 -0.05482283 1.52600002 1.000000
0.00789735 -0.06397580 1.54500008 1.000000
0.00782084 -0.05916069 1.53000009 1.000000
0.00781076 -0.05489458 1.52800012 1.000000
0.01200014 -0.06327166 1.52800012 1.000000
0.01192970 -0.05873515 1.51900005 1.000000
0.01190636 -0.05446329 1.51600003 1.000000
0.01616857 -0.06318854 1.52600002 1.000000
0.01617950 -0.05904421 1.52700007 1.000000
0.01614802 -0.05475044 1.52400005 1.000000
0.02051270 -0.06368506 1.53800011 1.000000
0.02048644 -0.05939185 1.53600001 1.000000
0.02052684 -0.05528899 1.53900003 1.000000
0.02463312 -0.06343614 1.53200006 1.000000
0.02471401 -0.05943007 1.53700006 1.000000
0.02477880 -0.05536043 1.54100013 1.000000
0.02904049 -0.06389105 1.54300010 1.000000
0.02904108 -0.05966154 1.54300010 1.000000
0.03361514 -0.06882596 1.55900002 1.000000
0.03340024 -0.06413883 1.54900002 1.000000
0.03344405 -0.05997026 1.55100012 1.000000
0.03363875 -0.05604193 1.56000006 1.000000
0.03779276 -0.06438653 1.55500007 1.000000
0.03774491 -0.06004689 1.55300009 1.000000
0.04178439 -0.06820623 1.54500008 1.000000
0.04143370 -0.06343338 1.53200006 1.000000
0.04140748 -0.05919549 1.53100002 1.000000
0.04563345 -0.06343246 1.53200006 1.000000
0.04548544 -0.05903998 1.52700007 1.000000
0.04614163 -0.05564459 1.54900002 1.000000
0.05012470 -0.06802760 1.54100013 1.000000
0.04973544 -0.06330726 1.52900004 1.000000
0.04954127 -0.05888440 1.52300012 1.000000
0.04996508 -0.05517673 1.53600001 1.000000
0.05445445 -0.06815887 1.54400003 1.000000
0.05438509 -0.06384443 1.54200006 1.000000
0.05431564 -0.05954067 1.54000008 1.000000
0.05845834 -0.06789276 1.53800011 1.000000
0.05864965 -0.06388465 1.54300010 1.000000
0.05899292 -0.06000352 1.55200005 1.000000
0.06389464 -0.07351269 1.56800008 1.000000
0.06332559 -0.06859770 1.55400002 1.000000
0.06344921 -0.06446302 1.55700004 1.000000
0.06336898 -0.06011831 1.55500007 1.000000
0.06767143 -0.06868454 1.55600011 1.000000
0.06767288 -0.06442025 1.55600011 1.000000
0.06767423 -0.06015570 1.55600011 1.000000
0.07142695 -0.06819745 1.54500008 1.000000
0.07156718 -0.06408761 1.54800010 1.000000
0.07179977 -0.06003837 1.55300009 1.000000
0.07551365 -0.06806341 1.54200006 1.000000
0.07551527 -0.06383768 1.54200006 1.000000
0.07994560 -0.06823827 1.54600012 1.000000
0.07989559 -0.06396028 1.54500008 1.000000
0.08456059 -0.07280082 1.55300009 1.000000
0.08434468 -0.06836887 1.54900002 1.000000
0.08434647 -0.06412417 1.54900002 1.000000
0.08824316 -0.07233004 1.54300010 1.000000
0.08835953 -0.06819044 1.54500008 1.000000
0.09223017 -0.07214044 1.53900003 1.000000
0.09283154 -0.06836499 1.54900002 1.000000
0.09313317 -0.06432751 1.55400002 1.000000
0.09644557 -0.07213825 1.53900003 1.000000
0.09701177 -0.06831879 1.54800010 1.000000
0.09701381 -0.06407719 1.54800010 1.000000
0.10026816 -0.07185476 1.53300011 1.000000
0.10072825 -0.06796358 1.54000008 1.000000
0.10151529 -0.06424074 1.55200005 1.000000
0.10501151 -0.07222735 1.54100013 1.000000
0.10501385 -0.06800547 1.54100013 1.000000
0.10994001 -0.07269359 1.55100012 1.000000
0.10994247 -0.06844445 1.55100012 1.000000
0.10909414 -0.06369837 1.53900003 1.000000
0.11462838 -0.07297222 1.55700004 1.000000
0.11426282 -0.06848615 1.55200005 1.000000
0.11789832 -0.07236030 1.54400003 1.000000
0.11774821 -0.06804238 1.54200006 1.000000
0.12204292 -0.07653718 1.54300010 1.000000
0.12212488 -0.07235757 1.54400003 1.000000
0.12189028 -0.06799568 1.54100013 1.000000
0.12610252 -0.07643501 1.54100013 1.000000
0.12594180 -0.07212043 1.53900003 1.000000
0.12602641 -0.06794890 1.54000008 1.000000
0.12981240 -0.07613434 1.53500009 1.000000
0.12956171 -0.07178951 1.53200006 1.000000
0.13505714 -0.08096300 1.54700005 1.000000
0.13366356 -0.07593279 1.53100002 1.000000
0.13305552 -0.07141167 1.52400005 1.000000
0.14163074 -0.08232023 1.57300007 1.000000
0.13803257 -0.07602876 1.53300011 1.000000
0.13740546 -0.07150234 1.52600002 1.000000
0.14296867 -0.07642218 1.54100013 1.000000
0.14297196 -0.07220203 1.54100013 1.000000
0.14746682 -0.08079541 1.54400003 1.000000
0.14756592 -0.07661711 1.54500008 1.000000
0.14766483 -0.07243303 1.54600012 1.000000
0.15178786 -0.08084403 1.54500008 1.000000
0.15179153 -0.07661359 1.54500008 1.000000
0.15631574 -0.08099719 1.54800010 1.000000
0.15621851 -0.07670913 1.54700005 1.000000
0.16117059 -0.08130721 1.55400002 1.000000
0.16210791 -0.07749877 1.56300008 1.000000
0.16360527 -0.08462144 1.53700006 1.000000
0.16595122 -0.08156480 1.55900002 1.000000
0.16638099 -0.07749494 1.56300008 1.000000
0.16791569 -0.08467223 1.53800011 1.000000
0.16802905 -0.08051436 1.53900003 1.000000
0.16857897 -0.07654904 1.54400003 1.000000
0.17111181 -0.08417242 1.52900004 1.000000
0.17078035 -0.07983015 1.52600002 1.000000
0.17089632 -0.07570230 1.52700007 1.000000
0.17563389 -0.08433316 1.53200006 1.000000
0.17540896 -0.08003519 1.53000009 1.000000
0.17587170 -0.07604533 1.53400004 1.000000
0.18181498 -0.08526441 1.54900002 1.000000
0.18111521 -0.08071091 1.54300010 1.000000
0.18592641 -0.08520473 1.54800010 1.000000
0.18460977 -0.08039268 1.53700006 1.000000
0.18818909 -0.08431937 1.53200006 1.000000
0.18733381 -0.07976058 1.52500010 1.000000
0.19149390 -0.08392936 1.52500010 1.000000
0.19112183 -0.07959917 1.52200007 1.000000
0.19860372 -0.08942597 1.54800010 1.000000
0.19758239 -0.08475003 1.54000008 1.000000
0.19707397 -0.08032673 1.53600001 1.000000
0.20322284 -0.08959405 1.55100012 1.000000
0.20270386 -0.08513027 1.54700005 1.000000
0.20244671 -0.08079267 1.54500008 1.000000
0.20718883 -0.08947321 1.54900002 1.000000
0.20692655 -0.08512522 1.54700005 1.000000
0.21182567 -0.08964110 1.55200005 1.000000
0.21073908 -0.08495502 1.54400003 1.000000
0.21619974 -0.08969337 1.55300009 1.000000
0.21425608 -0.08467472 1.53900003 1.000000
0.22072046 -0.08980332 1.55500007 1.000000
0.21888065 -0.08483451 1.54200006 1.000000
0.22438341 -0.08956669 1.55100012 1.000000
0.22236352 -0.08455411 1.53700006 1.000000
0.22964516 -0.08996519 1.55800009 1.000000
0.22788200 -0.08504379 1.54600012 1.000000
0.23568892 -0.09494581 1.57000005 1.000000
0.23404360 -0.09001713 1.55900002 1.000000
0.23059635 -0.08448823 1.53600001 1.000000
0.24058053 -0.09518151 1.57400012 1.000000
0.23814103 -0.08995351 1.55800009 1.000000
0.23493688 -0.08453771 1.53700006 1.000000
0.24300405 -0.09444963 1.56200004 1.000000
0.24098767 -0.08942797 1.54900002 1.000000
0.23912653 -0.08453210 1.53700006 1.000000
0.24741925 -0.09450378 1.56300008 1.000000
0.24536753 -0.08947971 1.55000007 1.000000
0.25183913 -0.09455787 1.56400013 1.000000
0.25104025 -0.08999318 1.55900002 1.000000
0.25593624 -0.09449096 1.56300008 1.000000
0.25381380 -0.08946754 1.55000007 1.000000
0.25753003 -0.09351724 1.54700005 1.000000
0.25520572 -0.08848017 1.53300011 1.000000
0.26072785 -0.09314805 1.54100013 1.000000
0.25836545 -0.08812772 1.52700007 1.000000
0.26509568 -0.09320194 1.54200006 1.000000
0.26338288 -0.08841005 1.53200006 1.000000
0.26906851 -0.08175824 1.56500006 1.000000
0.26925150 -0.07324770 1.56600010 1.000000
0.27452582 -0.09930467 1.57200003 1.000000
0.26946819 -0.09325577 1.54300010 1.000000
0.26755360 -0.08840377 1.53200006 1.000000
0.26843300 -0.08449116 1.53700006 1.000000
0.26878822 -0.08039421 1.53900003 1.000000
0.27088970 -0.07678111 1.55100012 1.000000
0.27685359 -0.09860275 1.56100011 1.000000
0.27366799 -0.09324910 1.54300010 1.000000
0.27225563 -0.08857054 1.53500009 1.000000
0.26995608 -0.08366058 1.52200007 1.000000
0.27749997 -0.09733241 1.54100013 1.000000
0.27642635 -0.09275893 1.53500009 1.000000
0.28479302 -0.10265578 1.55800009 1.000000
0.28023037 -0.09682010 1.53300011 1.000000
0.27950606 -0.09238963 1.52900004 1.000000
0.28291649 -0.09630779 1.52500010 1.000000
0.28143921 -0.09165782 1.51700008 1.000000
0.29289219 -0.10250898 1.55600011 1.000000
0.28725243 -0.09636385 1.52600002 1.000000
0.28556520 -0.09165105 1.51700008 1.000000
0.29464102 -0.10164504 1.54300010 1.000000
0.29178402 -0.09648300 1.52800012 1.000000
0.29902980 -0.10170335 1.54400003 1.000000
0.29748780 -0.09698090 1.53600001 1.000000
0.29885069 -0.09320797 1.54300010 1.000000
0.30204847 -0.10130053 1.53800011 1.000000
0.30146676 -0.09691049 1.53500009 1.000000
0.30463558 -0.10076603 1.53000009 1.000000
0.30404571 -0.09639814 1.52700007 1.000000
0.30345550 -0.09204634 1.52400005 1.000000
0.30818763 -0.10056084 1.52700007 1.000000
0.30779144 -0.09626457 1.52500010 1.000000
0.31457829 -0.10547699 1.53800011 1.000000
0.31254077 -0.10061903 1.52800012 1.000000
0.31213918 -0.09632035 1.52600002 1.000000
0.31792691 -0.10519464 1.53400004 1.000000
0.31524044 -0.10015041 1.52100003 1.000000
0.31545526 -0.09606050 1.52200007 1.000000
0.31621385 -0.10326662 1.50600004 1.000000
0.31790143 -0.09968184 1.51400006 1.000000
0.31832895 -0.09567445 1.51600003 1.000000
0.32030320 -0.10325868 1.50600004 1.000000
0.32116175 -0.09941082 1.51000011 1.000000
0.32159466 -0.09541462 1.51200008 1.000000
0.32590741 -0.09960062 1.51300013 1.000000
0.32591501 -0.09547033 1.51300013 1.000000
0.33175924 -0.10011948 1.52100003 1.000000
0.33720413 -0.10467423 1.52700007 1.000000
0.33765382 -0.10063824 1.52900004 1.000000
0.33888862 -0.10391210 1.51600003 1.000000
0.33979079 -0.10003805 1.52000010 1.000000
0.34091619 -0.09620498 1.52500010 1.000000
0.34164396 -0.10349276 1.51000011 1.000000
0.34187815 -0.09943792 1.51100004 1.000000
0.34459504 -0.10314201 1.50500011 1.000000
0.34506091 -0.09916692 1.50700009 1.000000
0.35121685 -0.10802384 1.51600003 1.000000
0.35099348 -0.10381920 1.51500010 1.000000
0.35053813 -0.09955393 1.51300013 1.000000
0.35790589 -0.10879915 1.52700007 1.000000
0.35674229 -0.10429072 1.52200007 1.000000
0.35628155 -0.10000665 1.52000010 1.000000
0.35652363 -0.09592243 1.52100003 1.000000
0.36086872 -0.10428254 1.52200007 1.000000
0.36040252 -0.09999877 1.52000010 1.000000
0.36378708 -0.10806974 1.51700008 1.000000
0.36427504 -0.10406880 1.51900005 1.000000
0.36356357 -0.09972776 1.51600003 1.000000
0.36765608 -0.10799004 1.51600003 1.000000
0.36742187 -0.10378660 1.51500010 1.000000
0.36621726 -0.09932524 1.51000011 1.000000
0.37102857 -0.10776790 1.51300013 1.000000
0.37054637 -0.10350444 1.51100004 1.000000
0.36908296 -0.09898855 1.50500011 1.000000
0.37587178 -0.10797313 1.51600003 1.000000
0.37290478 -0.10301685 1.50400007 1.000000
0.36968940 -0.09806000 1.49100006 1.000000
0.38623619 -0.11394707 1.54100013 1.000000
0.37897614 -0.10767983 1.51200008 1.000000
0.37773117 -0.10321424 1.50700009 1.000000
0.38601074 -0.10127465 1.54000008 1.000000
0.38610327 -0.11268126 1.52400005 1.000000
0.38611189 -0.10852595 1.52400005 1.000000
0.38637352 -0.10443888 1.52500010 1.000000
0.38869432 -0.11222891 1.51800013 1.000000
0.39023927 -0.10851749 1.52400005 1.000000
0.39021724 -0.11148095 1.50800002 1.000000
0.39203709 -0.10786825 1.51500010 1.000000
0.39282164 -0.10394324 1.51800013 1.000000
0.39168540 -0.11073311 1.49800003 1.000000
0.39273977 -0.10693435 1.50200009 1.000000
0.39327088 -0.10297658 1.50400007 1.000000
0.39626914 -0.11087242 1.50000012 1.000000
0.39627752 -0.10678369 1.50000012 1.000000
0.40326506 -0.11167689 1.51100004 1.000000
0.40300655 -0.10748729 1.51000011 1.000000
0.40654567 -0.11144660 1.50800002 1.000000
0.40763247 -0.10762137 1.51200008 1.000000
0.41062656 -0.11143811 1.50800002 1.000000
0.41090721 -0.10739961 1.50900006 1.000000
0.41937327 -0.11684129 1.52500010 1.000000
0.41635683 -0.11187299 1.51400006 1.000000
0.41609019 -0.10767609 1.51300013 1.000000
0.42349917 -0.11683247 1.52500010 1.000000
0.42156380 -0.11216009 1.51800013 1.000000
0.42101672 -0.10788139 1.51600003 1.000000
0.42538133 -0.11621088 1.51700008 1.000000
0.42482904 -0.11193001 1.51500010 1.000000
0.42511767 -0.10787324 1.51600003 1.000000
0.42835227 -0.11589582 1.51300013 1.000000
0.42836073 -0.11177388 1.51300013 1.000000
0.43329310 -0.12024661 1.51600003 1.000000
0.43244436 -0.11588723 1.51300013 1.000000
0.43130946 -0.11147007 1.50900006 1.000000
0.43797001 -0.12039644 1.51800013 1.000000
0.43538198 -0.11557234 1.50900006 1.000000
0.43625593 -0.11168343 1.51200008 1.000000
0.43887153 -0.11951529 1.50700009 1.000000
0.43975371 -0.11564048 1.51000011 1.000000
0.44063580 -0.11174911 1.51300013 1.000000
0.44441596 -0.11990318 1.51200008 1.000000
0.44471842 -0.11586183 1.51300013 1.000000
0.44913572 -0.11284877 1.52800012 1.000000
0.44969049 -0.12021177 1.51600003 1.000000
0.45058885 -0.11631293 1.51900005 1.000000
0.46038619 -0.11461297 1.55200005 1.000000
0.45078713 -0.12351120 1.50600004 1.000000
0.45109501 -0.11948963 1.50700009 1.000000
0.45050469 -0.11523270 1.50500011 1.000000
0.45395234 -0.12325653 1.50300002 1.000000
0.45396078 -0.11916407 1.50300002 1.000000
0.45336494 -0.11491829 1.50100005 1.000000
0.45740575 -0.12308399 1.50100005 1.000000
0.45802358 -0.11915576 1.50300002 1.000000
0.45894602 -0.11529303 1.50600004 1.000000
0.47099355 -0.12561740 1.53200006 1.000000
0.46669787 -0.12033666 1.51800013 1.000000
0.46824321 -0.11658639 1.52300012 1.000000
0.47421229 -0.12120038 1.52900004 1.000000
0.48959878 -0.12830591 1.56500006 1.000000
0.48272458 -0.12230188 1.54300010 1.000000
0.48814863 -0.12682179 1.54700005 1.000000
0.48531690 -0.12189742 1.53800011 1.000000
0.48628280 -0.12525597 1.52800012 1.000000
0.48597258 -0.12101762 1.52700007 1.000000
0.49521816 -0.13067690 1.54300010 1.000000
0.48399314 -0.12360850 1.50800002 1.000000
0.48464286 -0.11966256 1.51000011 1.000000
0.48191118 -0.12609564 1.48900008 1.000000
0.48256630 -0.12220724 1.49100006 1.000000
0.48516321 -0.11878324 1.49900007 1.000000
0.52465749 -0.12403875 1.62100005 1.000000
0.48201895 -0.12507161 1.47700012 1.000000
0.48104748 -0.12080628 1.47400010 1.000000
0.48823482 -0.11853800 1.49600005 1.000000
0.48666853 -0.12523325 1.47900009 1.000000
0.48634699 -0.12112661 1.47800004 1.000000
0.48470902 -0.11670830 1.47300005 1.000000
0.49663699 -0.12674972 1.49700010 1.000000
0.49598095 -0.12251236 1.49500012 1.000000
0.50803286 -0.13273777 1.51900005 1.000000
0.50402707 -0.12758882 1.50700009 1.000000
0.50135881 -0.12283280 1.49900007 1.000000
0.52056694 -0.13491456 1.54400003 1.000000
0.51180851 -0.12851264 1.51800013 1.000000
0.51147866 -0.12430046 1.51700008 1.000000
0.52202839 -0.13002904 1.53600001 1.000000
0.53028309 -0.13524885 1.54800010 1.000000
0.52686477 -0.13019103 1.53800011 1.000000
0.52445436 -0.13270786 1.51900005 1.000000
0.52722359 -0.12925276 1.52700007 1.000000
0.52090496 -0.13077886 1.49700010 1.000000
0.52299953 -0.12721445 1.50300002 1.000000
0.52774990 -0.13556455 1.50500011 1.000000
0.52284729 -0.13024788 1.49100006 1.000000
0.52320468 -0.12627678 1.49200010 1.000000
0.52227747 -0.13312578 1.47800004 1.000000
0.52334416 -0.12936774 1.48100007 1.000000
0.52405733 -0.12550861 1.48300004 1.000000
0.52947795 -0.13392983 1.48700011 1.000000
0.52912831 -0.12979805 1.48600006 1.000000
0.52699810 -0.12524843 1.48000002 1.000000
