-0.02038478 -0.16313885 1.44900012 0.000000
-0.01702565 -0.17743453 1.50300002 0.000000
-0.01669806 -0.16998309 1.47400010 0.000000
-0.01253760 -0.18432423 1.46000004 0.000000
-0.01271867 -0.18293037 1.48100007 0.000000
-0.01308011 -0.18395764 1.52300012 0.000000
0.09347586 -0.10671178 1.49200010 0.000000
0.09743037 -0.10656543 1.49000013 0.000000
0.09697593 -0.10200473 1.48300004 0.000000
0.10150982 -0.10656200 1.49000013 0.000000
0.10164952 -0.10262046 1.49200010 0.000000
0.10544711 -0.10641540 1.48800004 0.000000
0.10615935 -0.10302969 1.49800003 0.000000
0.11034411 -0.10282479 1.55700004 0.000000
0.11298609 -0.10178448 1.48000002 0.000000
0.11422450 -0.13890824 1.44500005 0.000000
0.11359712 -0.13420971 1.43700004 0.000000
0.11687455 -0.10568888 1.47800004 0.000000
0.11687846 -0.10164316 1.47800004 0.000000
0.11572391 -0.13601926 1.41500008 0.000000
0.11646507 -0.13299060 1.42400002 0.000000
0.12043219 -0.10122665 1.47200012 0.000000
0.11959954 -0.13214496 1.41500008 0.000000
0.11842128 -0.12700623 1.40100002 0.000000
0.12479398 -0.10553766 1.47600007 0.000000
0.12429082 -0.10108511 1.47000003 0.000000
0.12361836 -0.09653297 1.46200001 0.000000
0.12355692 -0.13223310 1.41600001 0.000000
0.12277684 -0.12754509 1.40700006 0.000000
0.12970491 -0.10624836 1.48600006 0.000000
0.12813805 -0.10094347 1.46800005 0.000000
0.12735653 -0.09633096 1.45900011 0.000000
0.12788419 -0.09271666 1.46500003 0.000000
0.12598398 -0.13456139 1.40000010 0.000000
0.12832926 -0.13316151 1.42600012 0.000000
0.13511553 -0.11142402 1.50100005 0.000000
0.13656050 -0.10846031 1.51700008 0.000000
0.13260400 -0.10128304 1.47300005 0.000000
0.13269824 -0.09731725 1.47400010 0.000000
0.13270231 -0.09328233 1.47400010 0.000000
0.13423674 -0.09027636 1.49100006 0.000000
0.13343023 -0.08567391 1.48200011 0.000000
0.13333550 -0.13820799 1.43800008 0.000000
0.13278492 -0.13371620 1.43200004 0.000000
0.13931367 -0.11149348 1.50200009 0.000000
0.13626632 -0.09698296 1.46900010 0.000000
0.13710535 -0.09353142 1.47800004 0.000000
0.13803704 -0.09009081 1.48800004 0.000000
0.13349521 -0.08318448 1.43900001 0.000000
0.14193164 -0.15104048 1.48700011 0.000000
0.13983810 -0.14480163 1.46500003 0.000000
0.13793516 -0.13887480 1.44500005 0.000000
0.14147317 -0.13837910 1.48200011 0.000000
0.14243379 -0.13523330 1.49200010 0.000000
0.14256185 -0.11082053 1.49300003 0.000000
0.14066598 -0.09724271 1.47300005 0.000000
0.14143425 -0.09371711 1.48100007 0.000000
0.14220241 -0.09014734 1.48900008 0.000000
0.14669509 -0.08878781 1.53600001 0.000000
0.14557564 -0.16683508 1.48300004 0.000000
0.14636818 -0.16366220 1.49100006 0.000000
0.14647342 -0.15969576 1.49200010 0.000000
0.14628401 -0.15541041 1.49000013 0.000000
0.14550532 -0.15052603 1.48200011 0.000000
0.14256631 -0.14351042 1.45200002 0.000000
0.14237623 -0.13934922 1.45000005 0.000000
0.14414985 -0.13706581 1.46800005 0.000000
0.14661089 -0.13531794 1.49300003 0.000000
0.14553665 -0.13026845 1.48200011 0.000000
0.14367649 -0.12459733 1.46300006 0.000000
0.14536741 -0.10985062 1.48000002 0.000000
0.14577904 -0.09390266 1.48400009 0.000000
0.14656919 -0.09032485 1.49200010 0.000000
0.14843981 -0.08733871 1.51100004 0.000000
0.14960518 -0.17897700 1.48300004 0.000000
0.14920944 -0.17445600 1.47900009 0.000000
0.14800639 -0.16903450 1.46700013 0.000000
0.14882098 -0.16592780 1.47500002 0.000000
0.14903009 -0.16211829 1.47700012 0.000000
0.15034905 -0.15947463 1.49000013 0.000000
0.15025522 -0.15529917 1.48900008 0.000000
0.14854661 -0.14950365 1.47200012 0.000000
0.14643399 -0.14340515 1.45100009 0.000000
0.14563304 -0.13867025 1.44300008 0.000000
0.14866711 -0.13752644 1.47300005 0.000000
0.15079291 -0.13540243 1.49400008 0.000000
0.14869100 -0.12141459 1.47300005 0.000000
0.14921187 -0.10969710 1.47800004 0.000000
0.15074551 -0.09446774 1.49300003 0.000000
0.15054794 -0.09026007 1.49100006 0.000000
0.15085505 -0.08635202 1.49400008 0.000000
0.15641277 -0.08529041 1.54900002 0.000000
0.15386385 -0.17921038 1.48500001 0.000000
0.15345736 -0.17468409 1.48100007 0.000000
0.15253259 -0.16960301 1.47200012 0.000000
0.15305835 -0.16614529 1.47700012 0.000000
0.15348038 -0.16254997 1.48100007 0.000000
0.15359138 -0.15861116 1.48200011 0.000000
0.15401316 -0.15497921 1.48600006 0.000000
0.15122175 -0.14817652 1.45900011 0.000000
0.14863722 -0.14171848 1.43400002 0.000000
0.14874740 -0.13789508 1.43500006 0.000000
0.15261930 -0.11730028 1.47200012 0.000000
0.15283217 -0.11342756 1.47400010 0.000000
0.15242273 -0.10909818 1.47000003 0.000000
0.15472808 -0.09031629 1.49200010 0.000000
0.15462866 -0.08617449 1.49100006 0.000000
0.15587728 -0.08275360 1.50300002 0.000000
0.14989598 -0.13924126 1.40900004 0.000000
0.15192392 -0.13721594 1.42800009 0.000000
0.15686092 -0.11342209 1.47400010 0.000000
0.15697277 -0.10946397 1.47500002 0.000000
0.16018581 -0.09521783 1.50500011 0.000000
0.15806162 -0.08988814 1.48500001 0.000000
0.15795955 -0.08576570 1.48400009 0.000000
0.15753792 -0.08148322 1.48000002 0.000000
0.15265435 -0.13824639 1.39900005 0.000000
0.14851436 -0.13077165 1.36100006 0.000000
0.16142909 -0.11784662 1.47900009 0.000000
0.16121656 -0.11364732 1.47700012 0.000000
0.16168386 -0.08964154 1.48100007 0.000000
0.16212498 -0.08581918 1.48500001 0.000000
0.16245678 -0.08191956 1.48800004 0.000000
0.15501510 -0.14074238 1.38600004 0.000000
0.15513383 -0.13705385 1.38700008 0.000000
0.16479896 -0.11736265 1.47300005 0.000000
0.16413355 -0.11287219 1.46700013 0.000000
0.16190141 -0.10737526 1.44700003 0.000000
0.16629530 -0.08587258 1.48600006 0.000000
0.16697112 -0.08213555 1.49200010 0.000000
0.16865399 -0.07883620 1.50700009 0.000000
0.16142854 -0.14692032 1.40900004 0.000000
0.15788402 -0.13992302 1.37800002 0.000000
0.15697436 -0.13536723 1.37000012 0.000000
0.16813549 -0.11687860 1.46700013 0.000000
0.16768299 -0.11255863 1.46300006 0.000000
0.17115833 -0.08627256 1.49300003 0.000000
0.17139208 -0.08229639 1.49500012 0.000000
0.17208420 -0.07851819 1.50100005 0.000000
0.15765165 -0.14013550 1.34400010 0.000000
0.16106059 -0.13940822 1.37300003 0.000000
0.16177154 -0.13624956 1.37900007 0.000000
0.17284676 -0.11735050 1.47300005 0.000000
0.17238347 -0.11301433 1.46900010 0.000000
0.17676784 -0.08289748 1.50600004 0.000000
0.17700695 -0.07888013 1.50800002 0.000000
0.16876315 -0.14659250 1.40600002 0.000000
0.16600986 -0.14041629 1.38300002 0.000000
0.16601713 -0.13663764 1.38300002 0.000000
0.17843074 -0.11837987 1.48600006 0.000000
0.17807677 -0.11408529 1.48300004 0.000000
0.18060456 -0.11158739 1.50400007 0.000000
0.18268350 -0.08371859 1.52100003 0.000000
0.18184723 -0.07918967 1.51400006 0.000000
0.18125090 -0.07479789 1.50900006 0.000000
0.16879590 -0.14335285 1.37500012 0.000000
0.16929448 -0.14000279 1.37900007 0.000000
0.16721472 -0.13455576 1.36200011 0.000000
0.18310267 -0.11877173 1.49100006 0.000000
0.18347748 -0.11492524 1.49400008 0.000000
0.18671502 -0.08365890 1.52000010 0.000000
0.18524548 -0.07887144 1.50800002 0.000000
0.18451275 -0.07444678 1.50200009 0.000000
0.17154507 -0.14251116 1.36700010 0.000000
0.17218018 -0.13928463 1.37200010 0.000000
0.18729912 -0.11884482 1.49200010 0.000000
0.18768226 -0.11499581 1.49500012 0.000000
0.18772681 -0.08227830 1.49500012 0.000000
0.18773137 -0.07818710 1.49500012 0.000000
0.18673111 -0.07369911 1.48700011 0.000000
0.19364202 -0.07220464 1.54200006 0.000000
0.17553228 -0.14271191 1.36900008 0.000000
0.17233442 -0.13643464 1.34400010 0.000000
0.18919161 -0.11748409 1.47500002 0.000000
0.19035260 -0.11414325 1.48400009 0.000000
0.18976068 -0.07734586 1.47900009 0.000000
0.19027826 -0.07349662 1.48300004 0.000000
0.19028242 -0.06943793 1.48300004 0.000000
0.17795843 -0.14166160 1.35900009 0.000000
0.19216967 -0.11684022 1.46700013 0.000000
0.19309326 -0.11336759 1.47400010 0.000000
0.19497781 -0.07781196 1.48800004 0.000000
0.19550644 -0.07393833 1.49200010 0.000000
0.19669001 -0.07027660 1.50100005 0.000000
0.18059678 -0.14081976 1.35100007 0.000000
0.19537081 -0.11635559 1.46100008 0.000000
0.19698222 -0.11328408 1.47300005 0.000000
0.20078301 -0.07437989 1.50100005 0.000000
0.20011851 -0.07003833 1.49600005 0.000000
0.18290997 -0.14343140 1.34100008 0.000000
0.18346371 -0.14018635 1.34500003 0.000000
0.20072180 -0.11714509 1.47100008 0.000000
0.20141095 -0.11350810 1.47600007 0.000000
0.20720004 -0.07521775 1.51800013 0.000000
0.20556651 -0.07050222 1.50600004 0.000000
0.18517613 -0.14235361 1.33100009 0.000000
0.20529166 -0.11745659 1.47500002 0.000000
0.20543784 -0.11350129 1.47600007 0.000000
0.21092466 -0.07506449 1.51500010 0.000000
0.21037225 -0.07073194 1.51100004 0.000000
0.21009807 -0.06650918 1.50900006 0.000000
0.18781269 -0.14159663 1.32400012 0.000000
0.21045028 -0.11808649 1.48300004 0.000000
0.21074122 -0.11418642 1.48500001 0.000000
0.21492067 -0.07086794 1.51400006 0.000000
0.21520892 -0.06681352 1.51600003 0.000000
0.19228144 -0.14586078 1.33000004 0.000000
0.19127798 -0.14148130 1.32300007 0.000000
0.21449481 -0.11807922 1.48300004 0.000000
0.21435738 -0.11394871 1.48200011 0.000000
0.21393040 -0.10967495 1.47900009 0.000000
0.21803795 -0.07053582 1.50700009 0.000000
0.21818699 -0.06645672 1.50800002 0.000000
0.19693805 -0.14661968 1.33700001 0.000000
0.19709413 -0.14307678 1.33800006 0.000000
0.21677029 -0.11711646 1.47100008 0.000000
0.21677755 -0.11309586 1.47100008 0.000000
0.21707928 -0.10922316 1.47300005 0.000000
0.22185336 -0.07043768 1.50500011 0.000000
0.22082588 -0.06601179 1.49800003 0.000000
0.20177323 -0.15115908 1.34500003 0.000000
0.20073214 -0.14672045 1.33800006 0.000000
0.20164117 -0.14370961 1.34400010 0.000000
0.22003031 -0.11671101 1.46600008 0.000000
0.22003759 -0.11270429 1.46600008 0.000000
0.22415575 -0.06987152 1.49300003 0.000000
0.22536132 -0.06613968 1.50100005 0.000000
0.22521541 -0.06199189 1.50000012 0.000000
0.20483652 -0.14704040 1.34100008 0.000000
0.20423450 -0.14295231 1.33700001 0.000000
0.22433203 -0.11686274 1.46800005 0.000000
0.22495072 -0.11315830 1.47200012 0.000000
0.22853209 -0.06996050 1.49500012 0.000000
0.23052387 -0.06644374 1.50800002 0.000000
0.23113962 -0.06248369 1.51200008 0.000000
0.20632261 -0.14187424 1.32700002 0.000000
0.23004386 -0.11773080 1.47900009 0.000000
0.23020695 -0.11376590 1.48000002 0.000000
0.23587945 -0.06679177 1.51600003 0.000000
0.23526141 -0.06247951 1.51200008 0.000000
0.23370951 -0.05795741 1.50200009 0.000000
0.20992863 -0.14548710 1.32700002 0.000000
0.23153400 -0.12044696 1.46300006 0.000000
0.23217486 -0.11676793 1.46700013 0.000000
0.23281552 -0.11306666 1.47100008 0.000000
0.24111961 -0.06709564 1.52300012 0.000000
0.23922415 -0.06243397 1.51100004 0.000000
0.23875329 -0.05818499 1.50800002 0.000000
0.21176355 -0.14786309 1.31600010 0.000000
0.23633258 -0.11683979 1.46800005 0.000000
0.23601827 -0.11267486 1.46600008 0.000000
0.24382487 -0.06255365 1.51400006 0.000000
0.24382903 -0.05841248 1.51400006 0.000000
0.24254449 -0.05398434 1.50600004 0.000000
0.21682002 -0.14886479 1.32500005 0.000000
0.21519305 -0.14415306 1.31500006 0.000000
0.24146937 -0.12141880 1.47500002 0.000000
0.23934910 -0.11635445 1.46200001 0.000000
0.23902938 -0.11220617 1.46000004 0.000000
0.24811365 -0.06259064 1.51500010 0.000000
0.24828164 -0.05848559 1.51600003 0.000000
0.24746668 -0.05415982 1.51100004 0.000000
0.22259036 -0.15031566 1.33800006 0.000000
0.22076996 -0.14545909 1.32700002 0.000000
0.24516167 -0.11722196 1.47300005 0.000000
0.24483663 -0.11304388 1.47100008 0.000000
0.25257361 -0.06266888 1.51700008 0.000000
0.25307736 -0.05863580 1.52000010 0.000000
0.25291485 -0.05444275 1.51900005 0.000000
0.26091069 -0.05187718 1.56700003 0.000000
0.22538733 -0.14974417 1.33300006 0.000000
0.22708796 -0.14720330 1.34300005 0.000000
0.24901141 -0.11311299 1.47200012 0.000000
0.25637114 -0.05843880 1.51500010 0.000000
0.25671357 -0.05436722 1.51700008 0.000000
0.25671732 -0.05021832 1.51700008 0.000000
0.22712567 -0.14849870 1.32200003 0.000000
0.25129223 -0.11633062 1.46200001 0.000000
0.25267524 -0.11295148 1.47000003 0.000000
0.25998080 -0.05831891 1.51200008 0.000000
0.26067263 -0.05432750 1.51600003 0.000000
0.26188004 -0.05041333 1.52300012 0.000000
0.22774653 -0.15013915 1.30500007 0.000000
0.22775641 -0.14657940 1.30500007 0.000000
0.25160518 -0.11465169 1.44100010 0.000000
0.25300995 -0.11133014 1.44900012 0.000000
0.26304936 -0.05808330 1.50600004 0.000000
0.26427615 -0.05421609 1.51300013 0.000000
0.26532793 -0.05027729 1.51900005 0.000000
0.26830089 -0.04663953 1.53600001 0.000000
0.23342410 -0.15150964 1.31700003 0.000000
0.23166166 -0.14679420 1.30700004 0.000000
0.25535756 -0.11063085 1.44000006 0.000000
0.25660664 -0.10721593 1.44700003 0.000000
0.26820880 -0.06244444 1.51200008 0.000000
0.26714885 -0.05807908 1.50600004 0.000000
0.26733035 -0.05399715 1.50700009 0.000000
0.26804370 -0.05000886 1.51100004 0.000000
0.23664692 -0.15126941 1.31500006 0.000000
0.23575717 -0.14712122 1.31000006 0.000000
0.26593792 -0.11346541 1.47700012 0.000000
0.26126435 -0.10750467 1.45100009 0.000000
0.26836574 -0.05745782 1.49000013 0.000000
0.27053121 -0.05381404 1.50200009 0.000000
0.27125549 -0.04983971 1.50600004 0.000000
0.24240531 -0.15625823 1.32700002 0.000000
0.23931022 -0.15068403 1.31000006 0.000000
0.27305505 -0.11884336 1.49400008 0.000000
0.27214956 -0.11437908 1.48900008 0.000000
0.27160931 -0.11008991 1.48600006 0.000000
0.27516684 -0.05391754 1.50500011 0.000000
0.27571914 -0.04990220 1.50800002 0.000000
0.24508701 -0.15565892 1.32200003 0.000000
0.24138953 -0.14975362 1.30200005 0.000000
0.24937215 -0.15103132 1.34500003 0.000000
0.28008667 -0.12010748 1.51000011 0.000000
0.27824023 -0.11521574 1.50000012 0.000000
0.27787745 -0.11097090 1.49800003 0.000000
0.28018907 -0.05409263 1.51000011 0.000000
0.27926517 -0.04979921 1.50500011 0.000000
0.27796984 -0.04547225 1.49800003 0.000000
0.24623603 -0.15411770 1.30900002 0.000000
0.24511777 -0.14985836 1.30300009 0.000000
0.28569892 -0.12073508 1.51800013 0.000000
0.28043759 -0.11443933 1.49000013 0.000000
0.27969289 -0.11007394 1.48600006 0.000000
0.28373152 -0.05398111 1.50700009 0.000000
0.28354716 -0.04982855 1.50600004 0.000000
0.28317422 -0.04565094 1.50400007 0.000000
0.24693210 -0.15234117 1.29400003 0.000000
0.28372538 -0.11412377 1.48600006 0.000000
0.28277892 -0.10969552 1.48100007 0.000000
0.28917086 -0.05008944 1.51400006 0.000000
0.28936553 -0.04598134 1.51500010 0.000000
0.28879586 -0.04175714 1.51200008 0.000000
0.24677189 -0.15009396 1.27500010 0.000000
0.28699073 -0.11380821 1.48200011 0.000000
0.28738630 -0.10990962 1.48400009 0.000000
0.29386869 -0.05018487 1.51700008 0.000000
0.29464725 -0.04615992 1.52100003 0.000000
0.24728242 -0.15175253 1.26000011 0.000000
0.24729285 -0.14831783 1.26000011 0.000000
0.29299110 -0.11049393 1.49200010 0.000000
0.29417747 -0.10684781 1.49800003 0.000000
0.29818922 -0.05021410 1.51800013 0.000000
0.29878220 -0.04615637 1.52100003 0.000000
0.29937494 -0.04208209 1.52400005 0.000000
0.29585138 -0.11004137 1.48600006 0.000000
0.29546127 -0.10584130 1.48400009 0.000000
0.30311182 -0.05034253 1.52200007 0.000000
0.30291641 -0.04615280 1.52100003 0.000000
0.30311897 -0.04202361 1.52200007 0.000000
0.29928374 -0.10981096 1.48300004 0.000000
0.29808098 -0.10533412 1.47700012 0.000000
0.30503109 -0.04584580 1.51100004 0.000000
0.30483264 -0.04168905 1.51000011 0.000000
0.27294150 -0.02993724 1.35200012 0.000000
0.29861662 -0.10411386 1.46000004 0.000000
0.30627230 -0.04541748 1.49700010 0.000000
0.30607107 -0.04129929 1.49600005 0.000000
0.30092439 -0.10353551 1.45200002 0.000000
0.31033894 -0.04541391 1.49700010 0.000000
0.31137890 -0.04146167 1.50200009 0.000000
0.31076008 -0.03728300 1.49900007 0.000000
0.30591753 -0.10388410 1.45700002 0.000000
0.31734517 -0.04583500 1.51100004 0.000000
0.31860879 -0.04187243 1.51700008 0.000000
0.31987211 -0.03787693 1.52300012 0.000000
0.32305145 -0.11244248 1.51900005 0.000000
0.31200063 -0.10458910 1.46700013 0.000000
0.32570672 -0.04225551 1.53100002 0.000000
0.32634813 -0.03814747 1.53400004 0.000000
0.33805197 -0.03517400 1.58900011 0.000000
0.31576785 -0.10450976 1.46600008 0.000000
0.31599119 -0.10057690 1.46700013 0.000000
0.32943249 -0.04219694 1.52900004 0.000000
0.32943571 -0.03802010 1.52900004 0.000000
0.32061952 -0.10478681 1.47000003 0.000000
0.32171804 -0.10111752 1.47500002 0.000000
0.32608816 -0.09840804 1.49500012 0.000000
0.33271044 -0.04208320 1.52500010 0.000000
0.33162275 -0.03779329 1.52000010 0.000000
0.32770050 -0.10577660 1.48400009 0.000000
0.32748771 -0.10165807 1.48300004 0.000000
0.32948300 -0.09820291 1.49200010 0.000000
0.33530319 -0.04188668 1.51800013 0.000000
0.33376017 -0.03756650 1.51100004 0.000000
0.33332121 -0.03339511 1.50900006 0.000000
0.33195883 -0.10178725 1.48500001 0.000000
0.33174309 -0.09766873 1.48400009 0.000000
0.33852801 -0.04177294 1.51400006 0.000000
0.33897841 -0.03768778 1.51600003 0.000000
0.34390053 -0.03403416 1.53800011 0.000000
0.33983395 -0.10294446 1.50200009 0.000000
0.33780545 -0.09825335 1.49300003 0.000000
0.34512827 -0.03790846 1.52500010 0.000000
0.34626275 -0.03385439 1.53000009 0.000000
0.34597680 -0.09943014 1.51100004 0.000000
0.34186283 -0.09417145 1.49300003 0.000000
0.34628451 -0.04171103 1.51200008 0.000000
0.34766188 -0.03773141 1.51800013 0.000000
0.34926796 -0.03374103 1.52500010 0.000000
0.35123315 -0.09975132 1.51600003 0.000000
0.34985071 -0.09523623 1.51000011 0.000000
0.35270587 -0.03782776 1.52200007 0.000000
0.35247704 -0.03364980 1.52100003 0.000000
0.35920012 -0.03005898 1.55000007 0.000000
0.35675034 -0.10013825 1.52200007 0.000000
0.35535163 -0.09560709 1.51600003 0.000000
0.35495743 -0.03762588 1.51400006 0.000000
0.35496032 -0.03349222 1.51400006 0.000000
0.35756490 -0.09509508 1.50800002 0.000000
0.36018056 -0.09164423 1.51900005 0.000000
0.35906222 -0.03762283 1.51400006 0.000000
0.36025095 -0.03360009 1.51900005 0.000000
0.36831710 -0.03011226 1.55300009 0.000000
0.35829520 -0.09420479 1.49400008 0.000000
0.35806265 -0.09006847 1.49300003 0.000000
0.36244670 -0.03754522 1.51100004 0.000000
0.36508819 -0.03366371 1.52200007 0.000000
0.37564534 -0.03036186 1.56600010 0.000000
0.36016157 -0.09362988 1.48500001 0.000000
0.35992628 -0.08951842 1.48400009 0.000000
0.37187880 -0.03808878 1.53300011 0.000000
0.37406495 -0.03410330 1.54200006 0.000000
0.38740984 -0.03096037 1.59700012 0.000000
0.36737385 -0.09444206 1.49800003 0.000000
0.36640021 -0.09011450 1.49400008 0.000000
0.37946713 -0.03843350 1.54700005 0.000000
0.38192296 -0.03443224 1.55700004 0.000000
0.39002037 -0.03082215 1.59000003 0.000000
0.37317565 -0.09077080 1.50500011 0.000000
0.37119898 -0.08620480 1.49700010 0.000000
0.38688555 -0.03449577 1.56000006 0.000000
0.39581645 -0.03093594 1.59600008 0.000000
0.37825540 -0.09100485 1.50900006 0.000000
0.37600645 -0.08637070 1.50000012 0.000000
0.39061016 -0.03444875 1.55800009 0.000000
0.39863566 -0.03081713 1.59000003 0.000000
0.37930921 -0.08619112 1.49700010 0.000000
0.37855574 -0.08194347 1.49400008 0.000000
0.37830868 -0.07781620 1.49300003 0.000000
0.39356303 -0.03433540 1.55300009 0.000000
0.40015462 -0.03060144 1.57900012 0.000000
0.40978709 -0.02692531 1.61700010 0.000000
0.38387561 -0.08629943 1.49900007 0.000000
0.38311398 -0.08204664 1.49600005 0.000000
0.37902281 -0.07713249 1.48000002 0.000000
0.39162171 -0.03380204 1.52900004 0.000000
0.39700302 -0.03003697 1.55000007 0.000000
0.40571380 -0.02637367 1.58400011 0.000000
0.38871768 -0.08236918 1.50200009 0.000000
0.38872403 -0.07827284 1.50200009 0.000000
0.39317340 -0.03357824 1.51900005 0.000000
0.39472902 -0.02955010 1.52500010 0.000000
0.40146109 -0.02582213 1.55100012 0.000000
0.39252269 -0.08230783 1.50100005 0.000000
0.39488268 -0.07868350 1.51000011 0.000000
0.39336267 -0.03324397 1.50400007 0.000000
0.39754996 -0.02945083 1.52000010 0.000000
0.39938301 -0.02542049 1.52700007 0.000000
0.40002716 -0.07888569 1.51400006 0.000000
0.40056169 -0.07485580 1.51600003 0.000000
0.40509725 -0.03388225 1.53300011 0.000000
0.40483555 -0.02968094 1.53200006 0.000000
0.40378073 -0.02543508 1.52800012 0.000000
0.40118888 -0.07830637 1.50300002 0.000000
0.40092796 -0.07415866 1.50200009 0.000000
0.40844810 -0.02963980 1.53000009 0.000000
0.40845034 -0.02546632 1.53000009 0.000000
0.40121791 -0.07346164 1.48800004 0.000000
0.41312540 -0.03385470 1.53200006 0.000000
0.41420653 -0.02975365 1.53600001 0.000000
0.41286045 -0.02548092 1.53100002 0.000000
0.40987986 -0.07019174 1.50500011 0.000000
0.43742606 -0.03548714 1.60600007 0.000000
0.42408249 -0.03015802 1.55700004 0.000000
0.42027155 -0.02567858 1.54300010 0.000000
0.41642150 -0.07473353 1.51400006 0.000000
0.41862759 -0.07097904 1.52200007 0.000000
0.44864789 -0.03603668 1.63100004 0.000000
0.43572202 -0.03067855 1.58400011 0.000000
0.42719686 -0.02584294 1.55300009 0.000000
0.42417285 -0.02145462 1.54200006 0.000000
0.41773972 -0.07423413 1.50400007 0.000000
0.42163396 -0.07078697 1.51800013 0.000000
0.42330584 -0.06691206 1.52400005 0.000000
0.44084030 -0.03073421 1.58700013 0.000000
0.43389794 -0.02599064 1.56200004 0.000000
0.42910555 -0.07134100 1.53000009 0.000000
0.42686728 -0.06681906 1.52200007 0.000000
0.43332303 -0.06361703 1.54500008 0.000000
0.44457182 -0.03069305 1.58500004 0.000000
0.43363506 -0.02572237 1.54600012 0.000000
0.43588078 -0.02161814 1.55400002 0.000000
0.42900148 -0.06650658 1.51500010 0.000000
0.42985600 -0.06250042 1.51800013 0.000000
0.44687617 -0.03055509 1.57800007 0.000000
0.43583384 -0.02560389 1.53900003 0.000000
0.43611884 -0.02142170 1.54000008 0.000000
0.43539047 -0.06270145 1.52300012 0.000000
0.43682459 -0.05874235 1.52800012 0.000000
0.45314455 -0.03068823 1.58500004 0.000000
0.43885198 -0.02553534 1.53500009 0.000000
0.43856791 -0.02133656 1.53400004 0.000000
0.43402565 -0.06191446 1.50400007 0.000000
0.43662748 -0.05816121 1.51300013 0.000000
0.46781984 -0.03138281 1.62100005 0.000000
0.44733146 -0.02578286 1.55000007 0.000000
0.44589025 -0.02148789 1.54500008 0.000000
0.43897048 -0.05792614 1.50700009 0.000000
0.43780956 -0.05367606 1.50300002 0.000000
0.46550241 -0.03093513 1.59800005 0.000000
0.45210460 -0.02581413 1.55200005 0.000000
0.45152390 -0.02155576 1.55000007 0.000000
0.44157881 -0.05363627 1.50200009 0.000000
0.45982829 -0.02601173 1.56400013 0.000000
0.46071211 -0.02179050 1.56700003 0.000000
0.44741917 -0.05384646 1.50800002 0.000000
0.47918588 -0.03125945 1.61500013 0.000000
0.46405587 -0.02600974 1.56400013 0.000000
0.46465108 -0.02177493 1.56600010 0.000000
0.45239338 -0.05394953 1.51100004 0.000000
0.45209789 -0.04979924 1.51000011 0.000000
0.47277433 -0.02625721 1.57900012 0.000000
0.46798548 -0.02173157 1.56300008 0.000000
0.46040845 -0.05025721 1.52400005 0.000000
0.46554786 -0.04661895 1.54100013 0.000000
0.47341809 -0.02178555 1.56700003 0.000000
0.47070056 -0.01741475 1.55800009 0.000000
0.46727031 -0.05055027 1.53300011 0.000000
0.47032201 -0.04667600 1.54300010 0.000000
0.47429976 -0.02163100 1.55600011 0.000000
0.47430122 -0.01739110 1.55600011 0.000000
0.47233900 -0.04646084 1.53600001 0.000000
0.49017808 -0.04387248 1.59400010 0.000000
0.47542915 -0.02149040 1.54600012 0.000000
0.47512302 -0.01726688 1.54500008 0.000000
0.47804049 -0.04660869 1.54100013 0.000000
0.48300716 -0.04285099 1.55700004 0.000000
0.48673278 -0.03890684 1.56900012 0.000000
0.47743484 -0.02139153 1.53900003 0.000000
0.47743624 -0.01719856 1.53900003 0.000000
0.49472407 -0.04350837 1.58100009 0.000000
0.48565233 -0.03848251 1.55200005 0.000000
0.47627458 -0.01700735 1.52200007 0.000000
0.47974810 -0.03354596 1.52000010 0.000000
0.47943830 -0.02111049 1.51900005 0.000000
0.47723028 -0.01689439 1.51200008 0.000000
0.48101884 -0.01287694 1.52400005 0.000000
0.48576444 -0.03367599 1.52600002 0.000000
0.50486630 -0.03068013 1.58600008 0.000000
0.49341017 -0.02153979 1.55000007 0.000000
0.48704490 -0.01709430 1.53000009 0.000000
0.49150261 -0.01304500 1.54400003 0.000000
0.49277616 -0.03387225 1.53500009 0.000000
0.48988909 -0.02951740 1.52600002 0.000000
0.50209320 -0.01747295 1.56400013 0.000000
0.50048906 -0.01317081 1.55900002 0.000000
0.49692276 -0.03386991 1.53500009 0.000000
0.49530631 -0.02959273 1.53000009 0.000000
0.49692684 -0.02550893 1.53500009 0.000000
0.50437433 -0.02164795 1.55800009 0.000000
0.50534683 -0.01743823 1.56100011 0.000000
0.50599533 -0.01320369 1.56300008 0.000000
0.50335425 -0.03402205 1.54200006 0.000000
0.49943930 -0.02959072 1.53000009 0.000000
0.50270545 -0.02559027 1.54000008 0.000000
0.50629789 -0.02154922 1.55100012 0.000000
0.51217496 -0.01752640 1.56900012 0.000000
0.51282883 -0.01327036 1.57100010 0.000000
0.51544112 -0.00903775 1.57900012 0.000000
0.48083937 -0.00441951 1.47300005 0.000000
0.50850695 -0.03408595 1.54500008 0.000000
0.50521779 -0.02968542 1.53500009 0.000000
0.50653619 -0.02557193 1.53900003 0.000000
0.51246220 -0.02163112 1.55700004 0.000000
0.51575482 -0.01750288 1.56700003 0.000000
0.51773065 -0.01328636 1.57300007 0.000000
0.51871884 -0.00901997 1.57600009 0.000000
0.51641536 -0.00470722 1.56900012 0.000000
0.51069134 -0.02976081 1.53900003 0.000000
0.51102507 -0.02558685 1.54000008 0.000000
0.51699966 -0.02164358 1.55800009 0.000000
0.51832831 -0.01744587 1.56200004 0.000000
0.52032030 -0.01324324 1.56800008 0.000000
0.51998919 -0.00896786 1.56700003 0.000000
0.52297622 -0.00472791 1.57600009 0.000000
0.52020437 -0.02160049 1.55500007 0.000000
0.52187836 -0.01742239 1.56000006 0.000000
0.52321750 -0.01320860 1.56400013 0.000000
0.52154553 -0.00892149 1.55900002 0.000000
0.50281179 -0.00450862 1.50300002 0.000000
0.52541631 -0.02164077 1.55800009 0.000000
0.52744102 -0.01746594 1.56400013 0.000000
0.52744198 -0.01320775 1.56400013 0.000000
0.52440757 -0.00889803 1.55500007 0.000000
0.52238452 -0.00464631 1.54900002 0.000000
0.51934952 -0.00042642 1.54000008 0.000000
0.51091844 0.00370533 1.51500010 0.000000
0.52316433 -0.02556531 1.53900003 0.000000
0.52928478 -0.02162551 1.55700004 0.000000
0.53438503 -0.01755417 1.57200003 0.000000
0.53234637 -0.01322380 1.56600010 0.000000
0.52792788 -0.00888602 1.55300009 0.000000
0.52690846 -0.00464901 1.55000007 0.000000
0.52588880 -0.00042833 1.54700005 0.000000
0.52389336 -0.02955990 1.52900004 0.000000
0.52697885 -0.02554711 1.53800011 0.000000
0.53074932 -0.02151306 1.54900002 0.000000
0.53760332 -0.01751958 1.56900012 0.000000
0.53452051 -0.01317231 1.56000006 0.000000
0.53040951 -0.00885686 1.54800010 0.000000
0.52698350 -0.00461273 1.53800011 0.000000
0.53113168 -0.02973209 1.53800011 0.000000
0.53216934 -0.02559538 1.54100013 0.000000
0.53735089 -0.02160896 1.55600011 0.000000
0.54184246 -0.01324749 1.56900012 0.000000
0.53528160 -0.00886776 1.55000007 0.000000
0.53807062 -0.02988496 1.54600012 0.000000
0.53911638 -0.02572672 1.54900002 0.000000
0.54712552 -0.00899308 1.57200003 0.000000
0.53943920 -0.03391458 1.53800011 0.000000
0.54224700 -0.02988321 1.54600012 0.000000
0.55558032 -0.01337255 1.58400011 0.000000
0.54821527 -0.00894107 1.56300008 0.000000
0.54147363 -0.03378034 1.53200006 0.000000
0.55455440 -0.02605587 1.56900012 0.000000
0.55173081 -0.00892912 1.56100011 0.000000
0.54996395 -0.00466561 1.55600011 0.000000
0.55381107 -0.00889429 1.55500007 0.000000
0.55345523 -0.00465935 1.55400002 0.000000
0.55657697 -0.00887093 1.55100012 0.000000
0.55657732 -0.00465010 1.55100012 0.000000
0.55968297 -0.00885329 1.54800010 0.000000
0.55859876 -0.00463186 1.54500008 0.000000
0.57224381 -0.00898436 1.57100010 0.000000
0.56714457 -0.00466759 1.55700004 0.000000
0.56386644 -0.00042838 1.54800010 0.000000
0.59483707 -0.00926984 1.62100005 0.000000
0.57869130 -0.00472730 1.57700002 0.000000
0.57648969 -0.00043473 1.57100010 0.000000
0.58480161 -0.00474206 1.58200002 0.000000
0.58480179 -0.00043775 1.58200002 0.000000
0.60217577 0.00398144 1.62900007 0.000000
0.59354603 -0.00477780 1.59400010 0.000000
0.58274764 -0.00043302 1.56500006 0.000000
0.58907777 0.00386638 1.58200002 0.000000
0.58585304 -0.00043217 1.56200004 0.000000
0.58510286 0.00381243 1.56000006 0.000000
0.58780944 -0.00043049 1.55600011 0.000000
0.58894259 0.00380982 1.55900002 0.000000
0.58935338 -0.00042854 1.54900002 0.000000
0.58973378 0.00378766 1.55000007 0.000000
0.59009373 0.00376307 1.54000008 0.000000
0.60159069 0.00380934 1.55900002 0.000000
0.59966111 0.00802413 1.55400002 0.000000
0.61280262 0.00385317 1.57700002 0.000000
0.60930514 0.00809611 1.56800008 0.000000
0.61276501 0.00808549 1.56600010 0.000000
0.61700290 0.00808520 1.56600010 0.000000
0.61779052 0.01236014 1.56800008 0.000000
0.62679535 0.00815722 1.58000004 0.000000
0.62124121 0.01234397 1.56600010 0.000000
0.61965388 0.01656059 1.56200004 0.000000
0.62747782 0.01238300 1.57100010 0.000000
0.62627912 0.01662368 1.56800008 0.000000
0.62587911 0.02087468 1.56700003 0.000000
0.63173181 0.01238263 1.57100010 0.000000
0.63253570 0.01667621 1.57300007 0.000000
0.63962984 0.01674996 1.58000004 0.000000
0.63942766 0.01236622 1.56900012 0.000000
0.64064986 0.01666472 1.57200003 0.000000
0.64350224 0.02103282 1.57900012 0.000000
0.64285845 0.01661133 1.56700003 0.000000
0.64737076 0.02101901 1.57800007 0.000000
0.65040916 0.02097861 1.57500005 0.000000
0.65966749 0.02113804 1.58700013 0.000000
0.66438985 0.02115100 1.58800006 0.000000
0.66731817 0.02558128 1.59500003 0.000000
0.66490781 0.02532429 1.57900012 0.000000
0.66869724 0.02978658 1.58800006 0.000000
0.66368330 0.02511547 1.56600010 0.000000
0.66453058 0.02941106 1.56800008 0.000000
0.67006695 0.02519540 1.57100010 0.000000
0.67262584 0.02957957 1.57700002 0.000000
0.67948395 0.02538765 1.58300006 0.000000
0.67690831 0.02957933 1.57700002 0.000000
0.67860079 0.02519505 1.57100010 0.000000
0.67860061 0.02946662 1.57100010 0.000000
0.68417394 0.02524307 1.57400012 0.000000
0.68026185 0.02935398 1.56500006 0.000000
0.69156325 0.03416759 1.59100008 0.000000
0.68845302 0.02952276 1.57400012 0.000000
0.68320429 0.03354477 1.56200004 0.000000
0.70153576 0.02556383 1.59400010 0.000000
0.69185334 0.02948529 1.57200003 0.000000
0.68965292 0.03365220 1.56700003 0.000000
0.69613034 0.02948540 1.57200003 0.000000
0.68771666 0.03335167 1.55300009 0.000000
0.70441931 0.03395321 1.58100009 0.000000
0.70917249 0.02967342 1.58200002 0.000000
0.71231079 0.03412532 1.58900011 0.000000
0.72340435 0.03008642 1.60400009 0.000000
0.71754164 0.03416868 1.59100008 0.000000
0.66933519 0.15293635 1.48400009 0.000000
0.72686857 0.03004933 1.60200012 0.000000
0.71507221 0.03384702 1.57600009 0.000000
0.71552652 0.03815660 1.57700002 0.000000
0.73169339 0.03006859 1.60300004 0.000000
0.71936983 0.03384759 1.57600009 0.000000
0.70658970 0.03745556 1.54800010 0.000000
0.72045445 0.02943141 1.56900012 0.000000
0.72917956 0.03410598 1.58800006 0.000000
0.71770078 0.03781925 1.56300008 0.000000
0.72566170 0.03374163 1.57100010 0.000000
0.74714392 0.03453718 1.60800004 0.000000
0.76836318 0.03531139 1.64400005 0.000000
0.74966931 0.03881427 1.60400009 0.000000
0.73619068 0.03789591 1.56600010 0.000000
0.72250658 0.03697760 1.52800012 0.000000
0.71163255 0.04051410 1.50500011 0.000000
0.71479946 0.03637394 1.50300002 0.000000
0.71717882 0.04059637 1.50800002 0.000000
0.74283206 0.03758549 1.55300009 0.000000
0.74235529 0.04178256 1.55200005 0.000000
0.76584953 0.03853102 1.59200013 0.000000
0.76248384 0.04267282 1.58500004 0.000000
0.75671315 0.04662836 1.57300007 0.000000
0.78327799 0.03918631 1.61900008 0.000000
0.76586300 0.04262096 1.58300006 0.000000
0.76538128 0.04689733 1.58200002 0.000000
0.76534158 0.04235381 1.57300007 0.000000
0.77846837 0.04284073 1.59100008 0.000000
0.79366523 0.04343555 1.61300004 0.000000
0.78721809 0.04717442 1.59100008 0.000000
0.78463066 0.04676225 1.57700002 0.000000
0.79856515 0.05195970 1.60500002 0.000000
0.79847938 0.04732879 1.59600008 0.000000
0.79734445 0.04700585 1.58500004 0.000000
0.81696725 0.05258196 1.62400007 0.000000
0.79008245 0.04632713 1.56200004 0.000000
0.80323732 0.05142012 1.58800006 0.000000
0.78269696 0.04564848 1.53900003 0.000000
0.77672189 0.04505887 1.51900005 0.000000
0.81536680 0.04705027 1.58600008 0.000000
0.81562084 0.04681705 1.57800007 0.000000
0.83194315 0.04750376 1.60100007 0.000000
0.84996426 0.04827980 1.62700009 0.000000
0.83924818 0.04742394 1.59800005 0.000000
0.80197728 0.04508408 1.51900005 0.000000
0.79930043 0.04470301 1.50600004 0.000000
0.79762244 0.04438141 1.49500012 0.000000
0.81359100 0.04917274 1.51700008 0.000000
0.86485916 0.04739664 1.59600008 0.000000
0.87082624 0.05210266 1.60700011 0.000000
0.84371841 0.04600672 1.54900002 0.000000
0.83228624 0.04954760 1.52800012 0.000000
0.87433046 0.04743860 1.59700012 0.000000
0.82670575 0.04897037 1.51000011 0.000000
0.89806253 0.04848485 1.63200009 0.000000
0.90374398 0.04855107 1.63400006 0.000000
0.91172040 0.07557249 1.64000010 0.000000
0.91117609 0.07999689 1.63900006 0.000000
0.91897148 0.08518905 1.65300012 0.000000
0.92971820 0.06761172 1.66400003 0.000000
0.92190671 0.07154373 1.65000010 0.000000
0.91577178 0.07553778 1.63900006 0.000000
0.92025357 0.08039948 1.64700007 0.000000
0.92138386 0.08499575 1.64900005 0.000000
0.93089622 0.09041722 1.66600013 0.000000
0.89225805 0.05156970 1.58900011 0.000000
0.92091376 0.06217271 1.64000010 0.000000
0.92766225 0.06713451 1.65200007 0.000000
0.92991930 0.07181501 1.65600014 0.000000
0.92768472 0.07614872 1.65200007 0.000000
0.92320460 0.08026551 1.64400005 0.000000
0.93051803 0.08542141 1.65700006 0.000000
0.91817713 0.08874863 1.63500011 0.000000
0.93453664 0.04923453 1.65600014 0.000000
0.89842719 0.05167524 1.59200013 0.000000
0.93398952 0.05823568 1.65500009 0.000000
0.92553407 0.06218259 1.64000010 0.000000
0.92667311 0.06673873 1.64200008 0.000000
0.93232781 0.07165294 1.65200007 0.000000
0.93403304 0.07629919 1.65500009 0.000000
0.93009514 0.08047368 1.64800012 0.000000
0.92559344 0.08455858 1.64000010 0.000000
0.93012267 0.08946866 1.64800012 0.000000
0.93637127 0.04909386 1.65100002 0.000000
0.93184251 0.05333935 1.64300013 0.000000
0.93015021 0.05771728 1.64000010 0.000000
0.92618990 0.06192729 1.63300014 0.000000
0.93073797 0.06670900 1.64100003 0.000000
0.93471974 0.07149117 1.64800012 0.000000
0.93870246 0.07631173 1.65500009 0.000000
0.93077475 0.08014505 1.64100003 0.000000
0.92625082 0.08421154 1.63300014 0.000000
0.92456365 0.08850608 1.63000011 0.000000
0.93592346 0.09409609 1.65000010 0.000000
0.92906410 0.04847753 1.63000011 0.000000
0.92451286 0.05266643 1.62200010 0.000000
0.92452216 0.05709339 1.62200010 0.000000
0.92852217 0.06178599 1.62900007 0.000000
0.92796308 0.06619168 1.62800002 0.000000
0.93196487 0.07093919 1.63500011 0.000000
0.93596756 0.07572509 1.64200008 0.000000
0.93142074 0.07981668 1.63400006 0.000000
0.93257493 0.08438057 1.63600004 0.000000
0.93144977 0.08873837 1.63400006 0.000000
0.92063451 0.09211582 1.61500013 0.000000
0.93023610 0.04830740 1.62400007 0.000000
0.92909944 0.05267552 1.62200010 0.000000
0.93025458 0.05717365 1.62400007 0.000000
0.92339110 0.06115177 1.61200011 0.000000
0.93428600 0.06632514 1.63100004 0.000000
0.93658930 0.07095150 1.63500011 0.000000
0.93832082 0.07555375 1.63800013 0.000000
0.93432456 0.07968402 1.63100004 0.000000
0.93376613 0.08408577 1.63000011 0.000000
0.92862558 0.08804775 1.62100005 0.000000
0.92903131 0.00395776 1.61400008 0.000000
0.91982269 0.00828068 1.59800005 0.000000
0.91757405 0.05177537 1.59400010 0.000000
0.92679411 0.05669084 1.61000013 0.000000
0.94234735 0.06211119 1.63700008 0.000000
0.93027002 0.06572686 1.61600006 0.000000
0.94237137 0.07105096 1.63700008 0.000000
0.94699013 0.07589019 1.64500010 0.000000
0.94009608 0.07979602 1.63300014 0.000000
0.93608105 0.08389447 1.62600005 0.000000
0.92688543 0.08746599 1.61000013 0.000000
0.92203712 0.00390942 1.59400010 0.000000
0.93534249 0.00838066 1.61700010 0.000000
0.94517785 0.01293002 1.63400006 0.000000
0.97236764 0.01789156 1.68100011 0.000000
0.98046958 0.02266845 1.69500005 0.000000
0.91401529 0.05995944 1.58000004 0.000000
0.93832374 0.06598297 1.62200010 0.000000
0.95858407 0.07193220 1.65700006 0.000000
0.96264750 0.07678082 1.66400003 0.000000
0.95051324 0.08029942 1.64300013 0.000000
0.92565167 0.08256819 1.60000002 0.000000
0.95388252 0.00850662 1.64100003 0.000000
0.96202260 0.01309863 1.65500009 0.000000
0.95737517 0.01753294 1.64700007 0.000000
0.95389116 0.02195036 1.64100003 0.000000
0.93587571 0.02593238 1.61000013 0.000000
0.95095170 0.00399431 1.62800002 0.000000
0.96614021 0.00857565 1.65400004 0.000000
0.96263754 0.01304572 1.64800012 0.000000
0.94978964 0.01731269 1.62600005 0.000000
0.94278401 0.02159332 1.61400008 0.000000
0.94278866 0.02600178 1.61400008 0.000000
0.96850002 0.00855658 1.65000010 0.000000
0.96439338 0.01300869 1.64300013 0.000000
0.95383084 0.01730544 1.62500012 0.000000
0.94972593 0.02165108 1.61800003 0.000000
0.97614473 0.02679643 1.66300011 0.000000
0.96730489 0.00850644 1.64000010 0.000000
0.97556460 0.01309841 1.65400004 0.000000
0.96554071 0.01743674 1.63700008 0.000000
0.96554482 0.02190974 1.63700008 0.000000
0.97380716 0.02660842 1.65100002 0.000000
0.99386740 0.03176069 1.68500006 0.000000
0.97791308 0.00856007 1.65000010 0.000000
0.97198868 0.01299023 1.64000010 0.000000
0.97436237 0.01751491 1.64400005 0.000000
0.97140318 0.02194103 1.63900006 0.000000
0.97496438 0.02651720 1.64500010 0.000000
0.97437769 0.03099428 1.64400005 0.000000
0.98090428 0.03572502 1.65500009 0.000000
0.89735025 0.04095762 1.51400006 0.000000
0.91514045 0.04598949 1.54400003 0.000000
0.97429496 0.01296128 1.63600004 0.000000
0.96834290 0.01732681 1.62600005 0.000000
0.97371829 0.03083114 1.63500011 0.000000
0.97610748 0.03538714 1.63900006 0.000000
0.96896893 0.03957592 1.62700009 0.000000
0.94991994 0.04315804 1.59500003 0.000000
0.94278288 0.04716117 1.58300006 0.000000
0.95803863 0.01706411 1.60100007 0.000000
0.93530864 0.02520618 1.56300008 0.000000
0.97241604 0.03064922 1.62500012 0.000000
0.95147866 0.03433665 1.59000003 0.000000
0.95148671 0.03868433 1.59000003 0.000000
0.96047211 0.04343808 1.60500002 0.000000
0.95928526 0.04776743 1.60300004 0.000000
0.95331198 0.05182571 1.59300005 0.000000
0.95062029 0.02982598 1.58100009 0.000000
0.95363379 0.03425790 1.58600008 0.000000
0.95544595 0.03866862 1.58900011 0.000000
0.96447456 0.04342071 1.60400009 0.000000
0.96508610 0.04783770 1.60500002 0.000000
0.96088821 0.05199999 1.59800005 0.000000
0.95188087 0.05584195 1.58300006 0.000000
0.95309663 0.06024820 1.58500004 0.000000
0.94186407 0.02515300 1.55900002 0.000000
0.95999491 0.02998373 1.58900011 0.000000
0.96302313 0.03443857 1.59400010 0.000000
0.96303159 0.03879916 1.59400010 0.000000
0.96787441 0.04337648 1.60200012 0.000000
0.97392666 0.04805734 1.61200011 0.000000
0.96789652 0.05214211 1.60200012 0.000000
0.96005464 0.05606645 1.58900011 0.000000
0.96308917 0.06060422 1.59400010 0.000000
0.97095841 0.06549559 1.60700011 0.000000
0.99333024 0.07150213 1.64400005 0.000000
0.95484781 0.02538480 1.57300007 0.000000
0.97124398 0.03019835 1.60000002 0.000000
0.97792906 0.03481399 1.61100006 0.000000
0.97854489 0.03924647 1.61200011 0.000000
0.97794759 0.04363038 1.61100006 0.000000
0.97674447 0.04797915 1.60900009 0.000000
0.96825743 0.05192644 1.59500003 0.000000
0.96280676 0.05597375 1.58600008 0.000000
0.96585608 0.06050438 1.59100008 0.000000
0.97194177 0.06526642 1.60100007 0.000000
0.97560042 0.06990938 1.60700011 0.000000
0.96730965 0.02560071 1.58600008 0.000000
0.97646511 0.03022446 1.60100007 0.000000
0.98135215 0.03477909 1.60900009 0.000000
0.98319095 0.03925587 1.61200011 0.000000
0.97832161 0.04345122 1.60400009 0.000000
0.97650284 0.04775205 1.60100007 0.000000
0.97285533 0.05193892 1.59500003 0.000000
0.97042871 0.05616371 1.59100008 0.000000
0.97227281 0.06063306 1.59400010 0.000000
0.97838777 0.06540447 1.60400009 0.000000
0.97779423 0.06975219 1.60300004 0.000000
0.97964180 0.07427968 1.60600007 0.000000
0.97862875 0.02578459 1.59700012 0.000000
0.98292512 0.03028851 1.60400009 0.000000
0.98354590 0.03470114 1.60500002 0.000000
0.98294234 0.03907063 1.60400009 0.000000
0.97743720 0.04321802 1.59500003 0.000000
0.97561014 0.04749528 1.59200013 0.000000
0.97623527 0.05188655 1.59300005 0.000000
0.97502309 0.05617754 1.59100008 0.000000
0.97932750 0.06080019 1.59800005 0.000000
0.99343890 0.06611396 1.62100005 0.000000
0.99161726 0.07042229 1.61800003 0.000000
0.98918390 0.07466816 1.61400008 0.000000
0.97955942 0.03005056 1.59100008 0.000000
0.98880297 0.03473146 1.60600007 0.000000
0.98758096 0.03908044 1.60400009 0.000000
0.97958732 0.04312047 1.59100008 0.000000
0.97713596 0.04735801 1.58700013 0.000000
0.98207426 0.05196476 1.59500003 0.000000
0.98701388 0.05661551 1.60300004 0.000000
0.99503344 0.06150056 1.61600006 0.000000
0.97349858 0.06449882 1.58100009 0.000000
1.00553513 0.07109313 1.63300014 0.000000
0.98461771 0.07399295 1.59900010 0.000000
0.98648459 0.07852028 1.60200012 0.000000
1.02899528 0.08648002 1.67100012 0.000000
1.00931203 0.08931433 1.63900006 0.000000
0.96931487 0.02531304 1.56700003 0.000000
0.97488928 0.02977488 1.57600009 0.000000
0.99345517 0.03474038 1.60600007 0.000000
1.00088787 0.03943167 1.61800003 0.000000
0.98110354 0.04299600 1.58600008 0.000000
0.97864079 0.04722095 1.58200002 0.000000
0.98731428 0.05201073 1.59600008 0.000000
0.98918438 0.05648879 1.59900010 0.000000
0.96383554 0.05930854 1.55800009 0.000000
0.97067410 0.06832454 1.56900012 0.000000
0.96017504 0.07183664 1.55200005 0.000000
0.97813624 0.07751108 1.58100009 0.000000
0.98441184 0.01257634 1.58400011 0.000000
0.97882247 0.01681951 1.57500005 0.000000
0.99809337 0.02155016 1.60600007 0.000000
0.98567003 0.02562669 1.58600008 0.000000
0.98567742 0.02997167 1.58600008 0.000000
0.99252230 0.03455476 1.59700012 0.000000
0.99563956 0.03905199 1.60200012 0.000000
0.95525259 0.04167858 1.53700006 0.000000
0.98448855 0.05163328 1.58400011 0.000000
0.99941957 0.05682172 1.60800004 0.000000
1.00337219 0.00395556 1.60700011 0.000000
1.00087631 0.00833814 1.60300004 0.000000
1.00712287 0.01281002 1.61300004 0.000000
1.00400519 0.01717652 1.60800004 0.000000
0.98340577 0.02113985 1.57500005 0.000000
0.99964613 0.02587600 1.60100007 0.000000
1.00090253 0.03030106 1.60300004 0.000000
0.99841380 0.03460734 1.59900010 0.000000
0.98531127 0.03847728 1.57800007 0.000000
1.00428748 -0.00044627 1.60100007 0.000000
1.01056075 0.00396649 1.61100006 0.000000
1.02059901 0.00846530 1.62700009 0.000000
1.01119268 0.01280559 1.61200011 0.000000
1.00868762 0.01718122 1.60800004 0.000000
1.00367475 0.02148130 1.60000002 0.000000
1.00869966 0.02599626 1.60800004 0.000000
1.01560783 0.03061190 1.61900008 0.000000
1.00495267 0.03468178 1.60200012 0.000000
1.00559020 0.03909761 1.60300004 0.000000
1.00121033 0.04330201 1.59600008 0.000000
1.02129757 0.04863324 1.62800002 0.000000
1.00895846 0.00394297 1.60100007 0.000000
1.01967371 0.00842083 1.61800003 0.000000
1.02534854 0.01292836 1.62700009 0.000000
1.01274872 0.01717535 1.60700011 0.000000
1.01149368 0.02155446 1.60500002 0.000000
1.02158403 0.02621378 1.62100005 0.000000
1.01844096 0.03056375 1.61600006 0.000000
1.00899673 0.03466986 1.60100007 0.000000
0.99073040 0.03835228 1.57200003 0.000000
1.00964928 0.04347702 1.60200012 0.000000
1.03550255 0.04909515 1.64300013 0.000000
1.01786983 0.05268729 1.61500013 0.000000
0.98581469 0.07247145 1.56400013 0.000000
1.00161016 0.00823582 1.58200002 0.000000
1.00351262 0.01259823 1.58500004 0.000000
1.00794888 0.01701991 1.59200013 0.000000
1.01301944 0.02149347 1.60000002 0.000000
1.01999092 0.02605953 1.61100006 0.000000
1.00100470 0.02991036 1.58100009 0.000000
0.99025047 0.03387834 1.56400013 0.000000
0.98329616 0.03789961 1.55300009 0.000000
1.03269482 0.04427677 1.63100004 0.000000
1.00421548 0.04740553 1.58600008 0.000000
1.04095447 0.05364881 1.64400005 0.000000
0.98714924 0.05515167 1.55900002 0.000000
1.03089583 0.07099192 1.62800002 0.000000
1.00115490 0.07328038 1.58100009 0.000000
0.98843187 -0.00469652 1.55400002 0.000000
0.98588753 0.00381958 1.55000007 0.000000
0.98716134 0.00808201 1.55200005 0.000000
0.99098068 0.01238725 1.55800009 0.000000
1.00434244 0.01688587 1.57900012 0.000000
1.02533805 0.02166102 1.61200011 0.000000
1.01071560 0.02571118 1.58900011 0.000000
1.00499916 0.02990020 1.58000004 0.000000
0.97129631 0.03308656 1.52700007 0.000000
1.02220619 0.04363806 1.60700011 0.000000
1.02858078 0.04834633 1.61700010 0.000000
1.01269305 0.05196716 1.59200013 0.000000
1.02352309 0.05693724 1.60900009 0.000000
1.01024354 -0.00044121 1.58100009 0.000000
0.98596233 0.00380346 1.54300010 0.000000
0.98724216 0.00804796 1.54500008 0.000000
0.99044013 0.01232733 1.55000007 0.000000
1.00706422 0.02118360 1.57600009 0.000000
1.01282227 0.02565414 1.58500004 0.000000
0.98215824 0.02909517 1.53700006 0.000000
1.01475751 0.03441860 1.58800006 0.000000
0.97578818 0.03728721 1.52700007 0.000000
1.01286387 0.04305355 1.58500004 0.000000
1.02310216 0.04788231 1.60100007 0.000000
1.03398120 0.05283174 1.61800003 0.000000
1.03271985 0.05720214 1.61600006 0.000000
1.03029871 -0.00485359 1.60500002 0.000000
1.00975668 0.00387860 1.57300007 0.000000
1.03736484 0.01285616 1.61600006 0.000000
1.00976622 0.01683187 1.57300007 0.000000
1.00527859 0.02105562 1.56600010 0.000000
1.01491487 0.02559722 1.58100009 0.000000
0.98027855 0.03729863 1.52700007 0.000000
1.02973676 0.04798675 1.60400009 0.000000
1.03809822 0.05281529 1.61700010 0.000000
1.04581928 0.05768002 1.62900007 0.000000
1.04391181 0.06203857 1.62600005 0.000000
1.04340935 -0.00045181 1.61800003 0.000000
1.04727924 0.00400560 1.62400007 0.000000
1.04986072 0.00848555 1.62800002 0.000000
1.04728460 0.01292383 1.62400007 0.000000
1.01955938 0.01692275 1.58100009 0.000000
1.01827562 0.02123704 1.57900012 0.000000
1.00280559 0.02518412 1.55500007 0.000000
0.98540205 0.02894268 1.52800012 0.000000
1.03185642 0.03909395 1.60000002 0.000000
1.02993488 0.04340638 1.59700012 0.000000
1.04478264 0.04848059 1.62000012 0.000000
1.04866827 0.05312590 1.62600005 0.000000
1.06093979 0.05826482 1.64500010 0.000000
1.06611860 0.06308854 1.65300012 0.000000
1.01067173 0.06411063 1.56700003 0.000000
1.00737250 -0.00043436 1.55500007 0.000000
1.06114280 0.00404141 1.63800013 0.000000
1.05142736 0.00846218 1.62300003 0.000000
1.04689598 0.01286426 1.61600006 0.000000
1.02746582 0.01698168 1.58600008 0.000000
1.00544548 0.02088055 1.55200005 0.000000
1.02618384 0.02566197 1.58400011 0.000000
1.07805789 0.04524188 1.66400003 0.000000
1.04439974 0.05268533 1.61200011 0.000000
1.05996716 0.05796460 1.63600004 0.000000
1.07488859 0.06333783 1.65900004 0.000000
1.03603435 0.06544084 1.59900010 0.000000
1.01078665 0.06813154 1.56000006 0.000000
1.04126334 0.07460048 1.60700011 0.000000
1.06599092 -0.00945855 1.63800013 0.000000
1.03019524 -0.00479163 1.58300006 0.000000
1.03474987 -0.00044428 1.59000003 0.000000
1.05948031 0.00401805 1.62800002 0.000000
1.05232370 0.00843364 1.61700010 0.000000
1.03800988 0.01270122 1.59500003 0.000000
1.03671312 0.01706218 1.59300005 0.000000
1.04394698 0.04803279 1.60400009 0.000000
1.03940773 0.05221213 1.59700012 0.000000
1.03747296 0.05649498 1.59400010 0.000000
1.02838016 0.06034148 1.58000004 0.000000
1.01800859 0.06832863 1.56400013 0.000000
0.99590087 0.07104929 1.53000009 0.000000
1.04600084 -0.00044722 1.60000002 0.000000
1.06103754 0.00400703 1.62300003 0.000000
1.05188715 0.00839470 1.60900009 0.000000
1.05581331 0.01286475 1.61500013 0.000000
1.05458796 0.04831839 1.61300004 0.000000
1.04545152 0.05229495 1.59900010 0.000000
1.04416227 0.05662020 1.59700012 0.000000
1.03306675 0.06036164 1.58000004 0.000000
1.01216471 0.06339556 1.54800010 0.000000
1.00826347 0.06739003 1.54200006 0.000000
1.04621220 0.07432480 1.60000002 0.000000
1.05338192 -0.00485845 1.60400009 0.000000
1.04692018 0.05214917 1.59400010 0.000000
1.06138825 0.05731334 1.61600006 0.000000
1.03316593 0.06011470 1.57300007 0.000000
1.03384423 0.06448234 1.57400012 0.000000
1.02206826 0.07230560 1.55600011 0.000000
0.09766400 -0.13394797 1.43400002 0.000000
0.10143813 -0.11056645 1.48900008 0.000000
0.10215532 -0.13469084 1.44200003 0.000000
0.10215974 -0.13074681 1.44200003 0.000000
0.10501826 -0.11004299 1.48200011 0.000000
0.10543920 -0.13384566 1.43300009 0.000000
0.10720973 -0.13210237 1.45700002 0.000000
0.10900126 -0.10996492 1.48100007 0.000000
0.10885786 -0.10576809 1.47900009 0.000000
0.10981815 -0.13440137 1.43900001 0.000000
0.11288036 -0.13004687 1.47900009 0.000000
0.11389031 -0.11486107 1.49200010 0.000000
0.11328372 -0.11018374 1.48400009 0.000000
0.11275328 -0.10562129 1.47700012 0.000000
0.11581553 -0.13281821 1.46500003 0.000000
0.11590413 -0.12488883 1.46600008 0.000000
0.11844771 -0.11531872 1.49800003 0.000000
0.11758215 -0.11040240 1.48700011 0.000000
0.11589752 -0.12846167 1.41700006 0.000000
0.12040590 -0.12539525 1.47200012 0.000000
0.12065604 -0.12161559 1.47500002 0.000000
0.12106965 -0.11797848 1.48000002 0.000000
0.12197402 -0.11477548 1.49100006 0.000000
0.12189659 -0.11062092 1.49000013 0.000000
0.12059180 -0.10539881 1.47400010 0.000000
0.12265269 -0.12757047 1.45100009 0.000000
0.12485550 -0.12581629 1.47700012 0.000000
0.12486041 -0.12177575 1.47700012 0.000000
0.12503423 -0.11789416 1.47900009 0.000000
0.12512338 -0.11392423 1.48000002 0.000000
0.12580422 -0.11046807 1.48800004 0.000000
0.12837206 -0.12530015 1.47100008 0.000000
0.12881343 -0.12168840 1.47600007 0.000000
0.12873104 -0.11757057 1.47500002 0.000000
0.12969585 -0.11438147 1.48600006 0.000000
0.13031141 -0.11083477 1.49300003 0.000000
0.13148458 -0.13243479 1.46100008 0.000000
0.13293533 -0.12580605 1.47700012 0.000000
0.13303052 -0.12184826 1.47800004 0.000000
0.13321556 -0.11796422 1.48000002 0.000000
0.13421060 -0.11476155 1.49100006 0.000000
0.13649976 -0.13342629 1.47200012 0.000000
0.13798912 -0.13080733 1.48800004 0.000000
0.13651083 -0.12537485 1.47200012 0.000000
0.13707259 -0.12184307 1.47800004 0.000000
0.13707775 -0.11779979 1.47800004 0.000000
0.13865949 -0.11506452 1.49500012 0.000000
0.14148493 -0.13027425 1.48200011 0.000000
0.14034489 -0.12519906 1.47000003 0.000000
0.14082772 -0.12159044 1.47500002 0.000000
0.14121494 -0.11787435 1.47900009 0.000000
0.14227039 -0.11467466 1.49000013 0.000000
0.14466414 -0.12142016 1.47300005 0.000000
0.14486597 -0.11755026 1.47500002 0.000000
0.14575519 -0.11420774 1.48400009 0.000000
0.14859559 -0.11730580 1.47200012 0.000000
0.14910573 -0.11366379 1.47700012 0.000000
-0.01651769 -0.16415313 1.45800006 1.000000
-0.88631618 -0.29151493 1.51900005 1.000000
-0.88195050 -0.29144642 1.51900005 1.000000
-0.88536680 -0.28840181 1.52500010 1.000000
-0.87701356 -0.29118764 1.51800013 1.000000
-0.87868118 -0.28757966 1.52100003 1.000000
-0.88128692 -0.29399896 1.53300011 1.000000
-0.87489921 -0.28770450 1.52200007 1.000000
-0.88920617 -0.28817770 1.54700005 1.000000
-0.88490880 -0.29661879 1.54700005 1.000000
-0.87340569 -0.28858671 1.52700007 1.000000
-0.88135123 -0.28699780 1.54100013 1.000000
-0.86961341 -0.28871420 1.52800012 1.000000
-0.87581313 -0.28656465 1.53900003 1.000000
-0.86582148 -0.28884304 1.52900004 1.000000
-0.86632895 -0.28482991 1.53000009 1.000000
-0.86090308 -0.28859553 1.52800012 1.000000
-0.85690218 -0.28309733 1.52100003 1.000000
-0.87149322 -0.28369007 1.54700005 1.000000
-0.85823852 -0.28910479 1.53100002 1.000000
-0.85257721 -0.28304157 1.52100003 1.000000
-0.85756725 -0.28051770 1.53000009 1.000000
-0.87341040 -0.29565683 1.56600010 1.000000
-0.85048890 -0.28373143 1.52500010 1.000000
-0.85378146 -0.28064743 1.53100002 1.000000
-0.86878520 -0.28132340 1.55800009 1.000000
-0.85226732 -0.28572440 1.53600001 1.000000
-0.84555703 -0.27931225 1.52400005 1.000000
-0.85826653 -0.27928546 1.54700005 1.000000
-0.85730141 -0.28883395 1.55300009 1.000000
-0.84124184 -0.27926156 1.52400005 1.000000
-0.84119242 -0.27508363 1.52400005 1.000000
-0.84022707 -0.28031147 1.53000009 1.000000
-0.83578557 -0.27467433 1.52200007 1.000000
-0.85221159 -0.27583569 1.55200005 1.000000
-0.83973008 -0.28154540 1.53700006 1.000000
-0.82984900 -0.27408603 1.51900005 1.000000
-0.83963639 -0.27312329 1.53700006 1.000000
-0.83865517 -0.28259704 1.54300010 1.000000
-0.82665199 -0.27440119 1.52100003 1.000000
-0.83258551 -0.27218980 1.53200006 1.000000
-0.83538866 -0.28291705 1.54500008 1.000000
-0.81912339 -0.27327439 1.51500010 1.000000
-0.82827109 -0.27214593 1.53200006 1.000000
-0.84126014 -0.28635076 1.56400013 1.000000
-0.81862557 -0.27449372 1.52200007 1.000000
-0.82342386 -0.27192569 1.53100002 1.000000
-0.81755823 -0.27553350 1.52800012 1.000000
-0.81912202 -0.27188426 1.53100002 1.000000
-0.83887655 -0.27416420 1.56800008 1.000000
-0.82284886 -0.27873772 1.54600012 1.000000
-0.81535715 -0.27202153 1.53200006 1.000000
-0.82489747 -0.27097705 1.55000007 1.000000
-0.82698423 -0.28158155 1.56200004 1.000000
-0.81053257 -0.27180484 1.53100002 1.000000
-0.81367075 -0.26866597 1.53700006 1.000000
-0.80677140 -0.27194434 1.53200006 1.000000
-0.80410141 -0.26688096 1.52700007 1.000000
-0.81564987 -0.26649067 1.54900002 1.000000
-0.80248523 -0.27190745 1.53200006 1.000000
-0.79564005 -0.26544702 1.51900005 1.000000
-0.80031914 -0.26284274 1.52800012 1.000000
-0.80132961 -0.27293643 1.53800011 1.000000
-0.78618568 -0.26366508 1.50900006 1.000000
-0.79032004 -0.26091677 1.51700008 1.000000
-0.78300971 -0.26398110 1.51100004 1.000000
-0.78401375 -0.26019612 1.51300013 1.000000
-0.79797232 -0.26063180 1.54000008 1.000000
-0.78240407 -0.26517153 1.51800013 1.000000
-0.77979541 -0.26016447 1.51300013 1.000000
-0.78234160 -0.25687757 1.51800013 1.000000
-0.78894007 -0.26880798 1.53900003 1.000000
-0.77814418 -0.26099348 1.51800013 1.000000
-0.77708906 -0.25650913 1.51600003 1.000000
-0.77239043 -0.26044804 1.51500010 1.000000
-0.76930273 -0.25529593 1.50900006 1.000000
-0.77590203 -0.25333974 1.52200007 1.000000
-0.76767135 -0.26024744 1.51400006 1.000000
-0.76460135 -0.25509891 1.50800002 1.000000
-0.77116549 -0.25314593 1.52100003 1.000000
-0.75993598 -0.25901660 1.50700009 1.000000
-0.75839639 -0.25439543 1.50400007 1.000000
-0.76341277 -0.25195462 1.51400006 1.000000
-0.76377743 -0.26173970 1.52300012 1.000000
-0.75673062 -0.25521520 1.50900006 1.000000
-0.75971425 -0.25209564 1.51500010 1.000000
-0.77072138 -0.25156251 1.53700006 1.000000
-0.76853114 -0.26480687 1.54100013 1.000000
-0.75454187 -0.25586659 1.51300013 1.000000
-0.75352019 -0.25140560 1.51100004 1.000000
-0.76346999 -0.25055638 1.53100002 1.000000
-0.74935889 -0.25550416 1.51100004 1.000000
-0.74784768 -0.25088292 1.50800002 1.000000
-0.75179219 -0.24807857 1.51600003 1.000000
-0.74320406 -0.25480458 1.50700009 1.000000
-0.73972958 -0.24952954 1.50000012 1.000000
-0.74414605 -0.24691111 1.50900006 1.000000
-0.73656273 -0.24984060 1.50200009 1.000000
-0.73948407 -0.24672635 1.50800002 1.000000
-0.73631382 -0.25115040 1.51000011 1.000000
-0.73824412 -0.24768765 1.51400006 1.000000
-0.74553829 -0.24597307 1.52900004 1.000000
-0.73311466 -0.25146294 1.51200008 1.000000
-0.73309535 -0.24734093 1.51200008 1.000000
-0.73889458 -0.24514961 1.52400005 1.000000
-0.72506809 -0.24601364 1.50400007 1.000000
-0.72890681 -0.24320117 1.51200008 1.000000
-0.71852595 -0.24517804 1.49900007 1.000000
-0.71898824 -0.24125375 1.50000012 1.000000
-0.71582693 -0.24565174 1.50200009 1.000000
-0.71485746 -0.24123731 1.50000012 1.000000
-0.72056037 -0.23904754 1.51200008 1.000000
-0.71641535 -0.24315140 1.51200008 1.000000
-0.71876919 -0.23982267 1.51700008 1.000000
-0.71508360 -0.24410118 1.51800013 1.000000
-0.71318477 -0.23933381 1.51400006 1.000000
-0.71325314 -0.24489078 1.52300012 1.000000
-0.70761955 -0.23884574 1.51100004 1.000000
-0.70947963 -0.23535192 1.51500010 1.000000
-0.70907009 -0.24487714 1.52300012 1.000000
-0.70533246 -0.23946489 1.51500010 1.000000
-0.70345759 -0.23471785 1.51100004 1.000000
-0.70535225 -0.24502495 1.52400005 1.000000
-0.69932324 -0.23882024 1.51100004 1.000000
-0.69977427 -0.23486121 1.51200008 1.000000
-0.70117152 -0.24501273 1.52400005 1.000000
-0.69517887 -0.23880854 1.51100004 1.000000
-0.69424754 -0.23438394 1.50900006 1.000000
-0.69607848 -0.24467970 1.52200007 1.000000
-0.68966484 -0.23832341 1.50800002 1.000000
-0.69056904 -0.23452868 1.51000011 1.000000
-0.69467479 -0.23179142 1.51900005 1.000000
-0.68462414 -0.23799703 1.50600004 1.000000
-0.68415976 -0.23374216 1.50500011 1.000000
-0.68778706 -0.23086628 1.51300013 1.000000
-0.67778927 -0.23703925 1.50000012 1.000000
-0.67642462 -0.23249051 1.49700010 1.000000
-0.67867517 -0.22917895 1.50200009 1.000000
-0.66873544 -0.23123957 1.48900008 1.000000
-0.67097294 -0.22795010 1.49400008 1.000000
-0.67455810 -0.22508323 1.50200009 1.000000
-0.66466314 -0.23123167 1.48900008 1.000000
-0.66733402 -0.22809510 1.49500012 1.000000
-0.67000508 -0.22492608 1.50100005 1.000000
-0.66458583 -0.23262200 1.49800003 1.000000
-0.66457897 -0.22854584 1.49800003 1.000000
-0.66679066 -0.22521910 1.50300002 1.000000
-0.67255163 -0.22304231 1.51600003 1.000000
-0.66048670 -0.22853944 1.49800003 1.000000
-0.66268528 -0.22521296 1.50300002 1.000000
-0.66708875 -0.22259510 1.51300013 1.000000
-0.65771097 -0.22899133 1.50100005 1.000000
-0.66164923 -0.22625634 1.51000011 1.000000
-0.66427314 -0.22303116 1.51600003 1.000000
-0.65579158 -0.22974887 1.50600004 1.000000
-0.65883493 -0.22670087 1.51300013 1.000000
-0.66187853 -0.22361489 1.52000010 1.000000
-0.65384245 -0.22639678 1.51100004 1.000000
-0.65427130 -0.22243385 1.51200008 1.000000
-0.65816194 -0.21962069 1.52100003 1.000000
-0.64671272 -0.22534412 1.50400007 1.000000
-0.64713931 -0.22140045 1.50500011 1.000000
-0.64928609 -0.21802901 1.51000011 1.000000
-0.64261377 -0.22534086 1.50400007 1.000000
-0.64047456 -0.22051477 1.49900007 1.000000
-0.64175367 -0.21687107 1.50200009 1.000000
-0.63766736 -0.22503842 1.50200009 1.000000
-0.63596678 -0.22036511 1.49800003 1.000000
-0.63638920 -0.21643560 1.49900007 1.000000
-0.63146609 -0.22021604 1.49700010 1.000000
-0.63272995 -0.21657820 1.50000012 1.000000
-0.63905579 -0.21462415 1.51500010 1.000000
-0.62864876 -0.22065586 1.50000012 1.000000
-0.62948579 -0.21686567 1.50200009 1.000000
-0.62331820 -0.22021352 1.49700010 1.000000
-0.62415028 -0.21643169 1.49900007 1.000000
-0.61800545 -0.21977171 1.49400008 1.000000
-0.61841893 -0.21585383 1.49500012 1.000000
-0.61924624 -0.21207222 1.49700010 1.000000
-0.61517596 -0.22021298 1.49700010 1.000000
-0.61640906 -0.21657588 1.50000012 1.000000
-0.61764228 -0.21292250 1.50300002 1.000000
-0.61355692 -0.21700962 1.50300002 1.000000
-0.61396599 -0.21306492 1.50400007 1.000000
-0.60785121 -0.21643314 1.49900007 1.000000
-0.60704154 -0.21207443 1.49700010 1.000000
-0.60096002 -0.21542394 1.49200010 1.000000
-0.60015625 -0.21108440 1.49000013 1.000000
-0.59610844 -0.21513711 1.49000013 1.000000
-0.59691072 -0.21136980 1.49200010 1.000000
-0.59811324 -0.20773056 1.49500012 1.000000
-0.59484494 -0.21615015 1.49700010 1.000000
-0.59445018 -0.21193892 1.49600005 1.000000
-0.59564501 -0.20828895 1.49900007 1.000000
-0.58999276 -0.21586417 1.49500012 1.000000
-0.59039038 -0.21194179 1.49600005 1.000000
-0.58999890 -0.20773610 1.49500012 1.000000
-0.58397669 -0.21514538 1.49000013 1.000000
-0.58437192 -0.21123669 1.49100006 1.000000
-0.58476740 -0.20732260 1.49200010 1.000000
-0.57877082 -0.21067366 1.48700011 1.000000
-0.57760710 -0.20621470 1.48400009 1.000000
-0.57955712 -0.20286189 1.48900008 1.000000
-0.57628447 -0.21124445 1.49100006 1.000000
-0.57551569 -0.20691359 1.48900008 1.000000
-0.57590652 -0.20300230 1.49000013 1.000000
-0.57454473 -0.21209894 1.49700010 1.000000
-0.57301420 -0.20747395 1.49300003 1.000000
-0.57301891 -0.20341556 1.49300003 1.000000
-0.57429773 -0.21352062 1.50700009 1.000000
-0.57277840 -0.20886847 1.50300002 1.000000
-0.57164025 -0.20437424 1.50000012 1.000000
-0.56756485 -0.21253404 1.50000012 1.000000
-0.56643516 -0.20803991 1.49700010 1.000000
-0.56530541 -0.20356199 1.49400008 1.000000
-0.56568927 -0.19963446 1.49500012 1.000000
-0.56125212 -0.20762856 1.49400008 1.000000
-0.56088221 -0.20343134 1.49300003 1.000000
-0.56126368 -0.19950657 1.49400008 1.000000
-0.55534011 -0.20693959 1.48900008 1.000000
-0.55571914 -0.20302849 1.49000013 1.000000
-0.55833608 -0.19991314 1.49700010 1.000000
-0.55352873 -0.20777971 1.49500012 1.000000
-0.55316484 -0.20357978 1.49400008 1.000000
-0.55465233 -0.20005298 1.49800003 1.000000
-0.54948008 -0.20778631 1.49500012 1.000000
-0.54581136 -0.20235996 1.48500001 1.000000
-0.54581803 -0.19832340 1.48500001 1.000000
-0.55060297 -0.19598757 1.49800003 1.000000
-0.54179066 -0.20236680 1.48500001 1.000000
-0.54179770 -0.19833025 1.48500001 1.000000
-0.54435867 -0.19520947 1.49200010 1.000000
-0.54500592 -0.20919040 1.50500011 1.000000
-0.53777063 -0.20237397 1.48500001 1.000000
-0.53777784 -0.19833738 1.48500001 1.000000
-0.53887159 -0.19469324 1.48800004 1.000000
-0.54021299 -0.20891993 1.50300002 1.000000
-0.53662640 -0.20347168 1.49300003 1.000000
-0.53555572 -0.19901265 1.49000013 1.000000
-0.53592277 -0.19509320 1.49100006 1.000000
-0.53115875 -0.20293434 1.48900008 1.000000
-0.53009641 -0.19848609 1.48600006 1.000000
-0.52974755 -0.19431582 1.48500001 1.000000
-0.52190709 -0.18745996 1.46300006 1.000000
-0.52712917 -0.20294237 1.48900008 1.000000
-0.52430516 -0.19782622 1.48100007 1.000000
-0.52466732 -0.19393121 1.48200011 1.000000
-0.52927774 -0.19156821 1.49500012 1.000000
-0.52345139 -0.20308702 1.49000013 1.000000
-0.52029794 -0.19783446 1.48100007 1.000000
-0.51960367 -0.19354680 1.47900009 1.000000
-0.52382785 -0.19106384 1.49100006 1.000000
-0.51732820 -0.20227776 1.48400009 1.000000
-0.51419944 -0.19704145 1.47500002 1.000000
-0.51490527 -0.19329351 1.47700012 1.000000
-0.51840001 -0.19055972 1.48700011 1.000000
-0.51123786 -0.20146871 1.47800004 1.000000
-0.51159269 -0.19758454 1.47900009 1.000000
-0.51194739 -0.19369479 1.48000002 1.000000
-0.51645309 -0.19133727 1.49300003 1.000000
-0.51032823 -0.20270464 1.48700011 1.000000
-0.50827819 -0.19786075 1.48100007 1.000000
-0.50931692 -0.19422725 1.48400009 1.000000
-0.51962233 -0.19403766 1.51400006 1.000000
-0.50732720 -0.20312296 1.49000013 1.000000
-0.50529361 -0.19827081 1.48400009 1.000000
-0.50496250 -0.19410557 1.48300004 1.000000
-0.51246291 -0.19289345 1.50500011 1.000000
-0.50397235 -0.20340523 1.49200010 1.000000
-0.50094193 -0.19814670 1.48300004 1.000000
-0.50061369 -0.19398409 1.48200011 1.000000
-0.49724513 -0.18867314 1.47200012 1.000000
-0.49926656 -0.20314243 1.49000013 1.000000
-0.49626073 -0.19788919 1.48100007 1.000000
-0.49761081 -0.19438642 1.48500001 1.000000
-0.50087655 -0.20956708 1.50700009 1.000000
-0.49457178 -0.20287979 1.48800004 1.000000
-0.49225524 -0.19789912 1.48100007 1.000000
-0.49392718 -0.19452724 1.48600006 1.000000
-0.49284446 -0.20790873 1.49500012 1.000000
-0.48922861 -0.20234466 1.48400009 1.000000
-0.48693123 -0.19737475 1.47700012 1.000000
-0.48727107 -0.19349000 1.47800004 1.000000
-0.49453434 -0.19229168 1.50000012 1.000000
-0.48521507 -0.20235516 1.48400009 1.000000
-0.48228279 -0.19711778 1.47500002 1.000000
-0.48262015 -0.19323841 1.47600007 1.000000
-0.48022878 -0.20195672 1.48100007 1.000000
-0.47861812 -0.19726196 1.47600007 1.000000
-0.47830442 -0.19311790 1.47500002 1.000000
-0.47622341 -0.20196758 1.48100007 1.000000
-0.47494811 -0.19740635 1.47700012 1.000000
-0.47592354 -0.19378318 1.48000002 1.000000
-0.47189927 -0.20184225 1.48000002 1.000000
-0.47159150 -0.19768459 1.47900009 1.000000
-0.47255906 -0.19405593 1.48200011 1.000000
-0.48242760 -0.21227625 1.52600002 1.000000
-0.46852893 -0.20212626 1.48200011 1.000000
-0.46822411 -0.19796306 1.48100007 1.000000
-0.46855140 -0.19406694 1.48200011 1.000000
-0.46483436 -0.20227408 1.48300004 1.000000
-0.46327856 -0.19757332 1.47800004 1.000000
-0.46360335 -0.19368528 1.47900009 1.000000
-0.47293019 -0.21174371 1.52200007 1.000000
-0.46051282 -0.20214932 1.48200011 1.000000
-0.45897073 -0.19745110 1.47700012 1.000000
-0.45991442 -0.19382757 1.48000002 1.000000
-0.47096989 -0.21272984 1.52900004 1.000000
-0.45650461 -0.20216109 1.48200011 1.000000
-0.45590034 -0.19786380 1.48000002 1.000000
-0.45806834 -0.19475591 1.48700011 1.000000
-0.45219094 -0.20203659 1.48100007 1.000000
-0.45281357 -0.19827668 1.48300004 1.000000
-0.45465750 -0.19502959 1.48900008 1.000000
-0.45000097 -0.20286722 1.48700011 1.000000
-0.45031577 -0.19895722 1.48800004 1.000000
-0.45153835 -0.19543445 1.49200010 1.000000
-0.44597888 -0.20287953 1.48700011 1.000000
-0.44599116 -0.19883567 1.48700011 1.000000
-0.44690311 -0.19518451 1.49000013 1.000000
-0.44373989 -0.20371063 1.49300003 1.000000
-0.44256344 -0.19911538 1.48900008 1.000000
-0.44406191 -0.19572069 1.49400008 1.000000
-0.43822864 -0.20304099 1.48800004 1.000000
-0.43735763 -0.19859289 1.48500001 1.000000
-0.43766460 -0.19468494 1.48600006 1.000000
-0.43245238 -0.20223491 1.48200011 1.000000
-0.43129784 -0.19766928 1.47800004 1.000000
-0.43247762 -0.19417326 1.48200011 1.000000
-0.42643204 -0.19728060 1.47500002 1.000000
-0.42702287 -0.19353059 1.47700012 1.000000
-0.42500612 -0.20253357 1.48400009 1.000000
-0.42358702 -0.19782832 1.47900009 1.000000
-0.42388615 -0.19393626 1.48000002 1.000000
-0.42354390 -0.20377497 1.49300003 1.000000
-0.42100373 -0.19851001 1.48400009 1.000000
-0.42101660 -0.19447313 1.48400009 1.000000
-0.41950390 -0.20378819 1.49300003 1.000000
-0.41586423 -0.19798790 1.48000002 1.000000
-0.41559616 -0.19383068 1.47900009 1.000000
-0.41351566 -0.20284599 1.48600006 1.000000
-0.40935466 -0.19679688 1.47100008 1.000000
-0.40908930 -0.19266397 1.47000003 1.000000
-0.40537357 -0.19680995 1.47100008 1.000000
-0.40428433 -0.19228366 1.46700013 1.000000
-0.40221080 -0.19722448 1.47400010 1.000000
-0.40167820 -0.19295202 1.47200012 1.000000
-0.39903143 -0.19763921 1.47700012 1.000000
-0.39904469 -0.19362053 1.47700012 1.000000
-0.40284026 -0.19139867 1.49100006 1.000000
-0.39503303 -0.19765255 1.47700012 1.000000
-0.39531377 -0.19376479 1.47800004 1.000000
-0.39129889 -0.19779979 1.47800004 1.000000
-0.39184180 -0.19404028 1.48000002 1.000000
-0.39450267 -0.19129659 1.49000013 1.000000
-0.38834515 -0.19834866 1.48200011 1.000000
-0.38835862 -0.19431585 1.48200011 1.000000
-0.38915807 -0.19066787 1.48500001 1.000000
-0.38536927 -0.19889762 1.48600006 1.000000
-0.38382676 -0.19406699 1.48000002 1.000000
-0.38409945 -0.19016749 1.48100007 1.000000
-0.38108817 -0.19877744 1.48500001 1.000000
-0.37879205 -0.19355591 1.47600007 1.000000
-0.37554240 -0.19798797 1.47900009 1.000000
-0.37428635 -0.19330706 1.47400010 1.000000
-0.37531546 -0.18980882 1.47800004 1.000000
-0.37203833 -0.19826943 1.48100007 1.000000
-0.37154955 -0.19397634 1.47900009 1.000000
-0.37281910 -0.19059274 1.48400009 1.000000
-0.36703190 -0.19774763 1.47700012 1.000000
-0.36729404 -0.19385870 1.47800004 1.000000
-0.36805305 -0.19022080 1.48100007 1.000000
-0.37005457 -0.18719475 1.48900008 1.000000
-0.36327565 -0.19789529 1.47800004 1.000000
-0.36402673 -0.19426581 1.48100007 1.000000
-0.36502346 -0.19074799 1.48500001 1.000000
-0.36651173 -0.18745950 1.49100006 1.000000
-0.35805497 -0.19723956 1.47300005 1.000000
-0.35904095 -0.19375470 1.47700012 1.000000
-0.36002687 -0.19024767 1.48100007 1.000000
-0.36514542 -0.18885593 1.50200009 1.000000
-0.35959116 -0.20033330 1.49600005 1.000000
-0.35599938 -0.19429308 1.48100007 1.000000
-0.35673410 -0.19064651 1.48400009 1.000000
-0.35987264 -0.18824063 1.49700010 1.000000
-0.35434771 -0.19967768 1.49100006 1.000000
-0.35103422 -0.19378193 1.47700012 1.000000
-0.35128540 -0.18988910 1.47800004 1.000000
-0.35367560 -0.18712224 1.48800004 1.000000
-0.34679505 -0.19366434 1.47600007 1.000000
-0.34751350 -0.19003104 1.47900009 1.000000
-0.34870172 -0.18663253 1.48400009 1.000000
-0.34232858 -0.19341554 1.47400010 1.000000
-0.34303883 -0.18978752 1.47700012 1.000000
-0.34514251 -0.18689735 1.48600006 1.000000
-0.33741322 -0.19290420 1.47000003 1.000000
-0.33765623 -0.18902992 1.47100008 1.000000
-0.33904681 -0.18577863 1.47700012 1.000000
-0.34617627 -0.18557067 1.50800002 1.000000
-0.33885616 -0.20013535 1.49400008 1.000000
-0.33433363 -0.19344272 1.47400010 1.000000
-0.33366662 -0.18904328 1.47100008 1.000000
-0.33504090 -0.18579185 1.47700012 1.000000
-0.34344739 -0.18632238 1.51400006 1.000000
-0.33145583 -0.19411254 1.47900009 1.000000
-0.33034873 -0.18944217 1.47400010 1.000000
-0.33103439 -0.18580505 1.47700012 1.000000
-0.33642668 -0.18473570 1.50100005 1.000000
-0.32987866 -0.19556995 1.49000013 1.000000
-0.32701397 -0.18984115 1.47700012 1.000000
-0.32747006 -0.18606985 1.47900009 1.000000
-0.33146876 -0.18425657 1.49700010 1.000000
-0.32605436 -0.19571488 1.49100006 1.000000
-0.32235020 -0.18946889 1.47400010 1.000000
-0.32301950 -0.18583140 1.47700012 1.000000
-0.32478222 -0.18279257 1.48500001 1.000000
-0.31812063 -0.19336562 1.47300005 1.000000
-0.31748611 -0.18896802 1.47000003 1.000000
-0.31836322 -0.18546705 1.47400010 1.000000
-0.32161611 -0.18329799 1.48900008 1.000000
-0.32094669 -0.19758014 1.50500011 1.000000
-0.31264308 -0.18846701 1.46600008 1.000000
-0.31436238 -0.18548012 1.47400010 1.000000
-0.31672138 -0.18281852 1.48500001 1.000000
-0.30887392 -0.18860877 1.46700013 1.000000
-0.31015030 -0.18536730 1.47300005 1.000000
-0.31226888 -0.18258521 1.48300004 1.000000
-0.30551437 -0.18900761 1.47000003 1.000000
-0.30552742 -0.18500276 1.47000003 1.000000
-0.30616382 -0.18136682 1.47300005 1.000000
-0.31573799 -0.18289137 1.51900005 1.000000
-0.30213791 -0.18940650 1.47300005 1.000000
-0.30174068 -0.18514152 1.47100008 1.000000
-0.30195859 -0.18125640 1.47200012 1.000000
-0.29813725 -0.18941958 1.47300005 1.000000
-0.29754302 -0.18502851 1.47000003 1.000000
-0.29836541 -0.18151537 1.47400010 1.000000
-0.30100954 -0.17906372 1.48700011 1.000000
-0.29433569 -0.18956122 1.47400010 1.000000
-0.29434863 -0.18554485 1.47400010 1.000000
-0.29476070 -0.18177429 1.47600007 1.000000
-0.29856777 -0.18003967 1.49500012 1.000000
-0.29052803 -0.18970281 1.47500002 1.000000
-0.28975299 -0.18517995 1.47100008 1.000000
-0.28956863 -0.18104792 1.47000003 1.000000
-0.29096001 -0.17788436 1.47700012 1.000000
-0.28632578 -0.18958712 1.47400010 1.000000
-0.28595006 -0.18531854 1.47200012 1.000000
-0.28615686 -0.18142989 1.47300005 1.000000
-0.28714064 -0.17801711 1.47800004 1.000000
-0.28021300 -0.18818504 1.46300006 1.000000
-0.28156638 -0.18507935 1.47000003 1.000000
-0.28234512 -0.18156554 1.47400010 1.000000
-0.28350672 -0.17827027 1.48000002 1.000000
-0.27510342 -0.18742590 1.45700002 1.000000
-0.27775946 -0.18521783 1.47100008 1.000000
-0.27852717 -0.18170106 1.47500002 1.000000
-0.27929479 -0.17816204 1.47900009 1.000000
-0.27264366 -0.18447474 1.46500003 1.000000
-0.27302817 -0.18072781 1.46700013 1.000000
-0.27359861 -0.17708991 1.47000003 1.000000
-0.27919441 -0.17661425 1.50000012 1.000000
-0.26866013 -0.18448707 1.46500003 1.000000
-0.26793879 -0.18000075 1.46100008 1.000000
-0.26795074 -0.17601761 1.46100008 1.000000
-0.26612839 -0.17085646 1.45100009 1.000000
-0.25990361 -0.16298881 1.41700006 1.000000
-0.26395336 -0.18399560 1.46100008 1.000000
-0.26306203 -0.17939670 1.45600009 1.000000
-0.26253182 -0.17506553 1.45300007 1.000000
-0.26290482 -0.17133902 1.45500004 1.000000
-0.26211473 -0.18551908 1.47300005 1.000000
-0.25981343 -0.17990147 1.46000004 1.000000
-0.26018110 -0.17616165 1.46200001 1.000000
-0.26090458 -0.17264594 1.46600008 1.000000
-0.26661128 -0.17232901 1.49800003 1.000000
-0.25724331 -0.18089913 1.46800005 1.000000
-0.25743032 -0.17701679 1.46900010 1.000000
-0.25814286 -0.17348181 1.47300005 1.000000
-0.25411150 -0.18152711 1.47300005 1.000000
-0.25429571 -0.17763095 1.47400010 1.000000
-0.25465226 -0.17384660 1.47600007 1.000000
-0.25061220 -0.18190859 1.47600007 1.000000
-0.25045401 -0.17776302 1.47500002 1.000000
-0.25131443 -0.17432912 1.48000002 1.000000
-0.25234458 -0.17098249 1.48600006 1.000000
-0.24659470 -0.18192025 1.47600007 1.000000
-0.24627204 -0.17765394 1.47400010 1.000000
-0.24728586 -0.17434040 1.48000002 1.000000
-0.24913500 -0.17156897 1.49100006 1.000000
-0.25432611 -0.17098384 1.52200007 1.000000
-0.26018587 -0.17066751 1.55700004 1.000000
-0.24142613 -0.18106899 1.46900010 1.000000
-0.24127309 -0.17694208 1.46800005 1.000000
-0.24227041 -0.17364477 1.47400010 1.000000
-0.24408945 -0.17088956 1.48500001 1.000000
-0.23456642 -0.16032177 1.42700005 1.000000
-0.23753557 -0.15840115 1.44500005 1.000000
-0.23484038 -0.17910808 1.45300007 1.000000
-0.23630616 -0.17623001 1.46200001 1.000000
-0.23712535 -0.17283109 1.46700013 1.000000
-0.23907594 -0.17020997 1.47900009 1.000000
-0.23231365 -0.18022870 1.46200001 1.000000
-0.23168907 -0.17575884 1.45800006 1.000000
-0.23328906 -0.17295977 1.46800005 1.000000
-0.23473008 -0.16999052 1.47700012 1.000000
-0.22926871 -0.18097949 1.46800005 1.000000
-0.22834258 -0.17625195 1.46200001 1.000000
-0.22913431 -0.17285269 1.46700013 1.000000
-0.23070687 -0.17000115 1.47700012 1.000000
-0.22405291 -0.17602161 1.46000004 1.000000
-0.22483084 -0.17262764 1.46500003 1.000000
-0.22591566 -0.16943613 1.47200012 1.000000
-0.22097936 -0.17675568 1.46600008 1.000000
-0.22068843 -0.17252031 1.46400011 1.000000
-0.22115098 -0.16887090 1.46700013 1.000000
-0.21698442 -0.17676625 1.46600008 1.000000
-0.21625473 -0.17217712 1.46100008 1.000000
-0.21611689 -0.16807523 1.46000004 1.000000
-0.21327941 -0.17701782 1.46800005 1.000000
-0.21183679 -0.17183375 1.45800006 1.000000
-0.21141089 -0.16750962 1.45500004 1.000000
-0.21171133 -0.16376331 1.45700002 1.000000
-0.20827983 -0.17618400 1.46100008 1.000000
-0.20771965 -0.17172594 1.45700002 1.000000
-0.20744441 -0.16751948 1.45500004 1.000000
-0.20773926 -0.16377300 1.45700002 1.000000
-0.20331779 -0.17534995 1.45400012 1.000000
-0.20500579 -0.17279670 1.46600008 1.000000
-0.20501560 -0.16879573 1.46600008 1.000000
-0.20460567 -0.16445699 1.46300006 1.000000
-0.20128240 -0.17304228 1.46800005 1.000000
-0.20088074 -0.16869023 1.46500003 1.000000
-0.20061596 -0.16446644 1.46300006 1.000000
-0.19768190 -0.17340565 1.47100008 1.000000
-0.19728829 -0.16904521 1.46800005 1.000000
-0.19702885 -0.16481303 1.46600008 1.000000
-0.19784446 -0.16146880 1.47200012 1.000000
-0.19458139 -0.17827417 1.47800004 1.000000
-0.19340612 -0.17317946 1.46900010 1.000000
-0.19262552 -0.16847880 1.46300006 1.000000
-0.19263472 -0.16448492 1.46300006 1.000000
-0.19238040 -0.16027115 1.46100008 1.000000
-0.19004312 -0.17377836 1.47400010 1.000000
-0.18927881 -0.16906384 1.46800005 1.000000
-0.18928789 -0.16505614 1.46800005 1.000000
-0.18774942 -0.15973146 1.45600009 1.000000
-0.18489456 -0.16872741 1.46500003 1.000000
-0.18502967 -0.16484016 1.46600008 1.000000
-0.18428110 -0.16017896 1.46000004 1.000000
-0.18138644 -0.15373132 1.43700004 1.000000
-0.18114346 -0.16896671 1.46700013 1.000000
-0.18102874 -0.16484892 1.46600008 1.000000
-0.18079036 -0.16062638 1.46400011 1.000000
-0.18215722 -0.15780504 1.47500002 1.000000
-0.17833802 -0.17415956 1.47700012 1.000000
-0.17653561 -0.16839956 1.46200001 1.000000
-0.17654419 -0.16440772 1.46200001 1.000000
-0.17655261 -0.16041535 1.46200001 1.000000
-0.18030465 -0.15973921 1.49300003 1.000000
-0.17325270 -0.16909929 1.46800005 1.000000
-0.17243502 -0.16430369 1.46100008 1.000000
-0.17267933 -0.16053335 1.46300006 1.000000
-0.17422192 -0.15792853 1.47600007 1.000000
-0.16889887 -0.16876218 1.46500003 1.000000
-0.16913778 -0.16498674 1.46700013 1.000000
-0.16926122 -0.16109014 1.46800005 1.000000
-0.17088346 -0.15857854 1.48200011 1.000000
-0.16501111 -0.16888569 1.46600008 1.000000
-0.16501923 -0.16488242 1.46600008 1.000000
-0.16513981 -0.16098839 1.46700013 1.000000
-0.16604821 -0.15783738 1.47500002 1.000000
-0.16045836 -0.16831779 1.46100008 1.000000
-0.16112530 -0.16500288 1.46700013 1.000000
-0.16146262 -0.16132542 1.47000003 1.000000
-0.16322781 -0.15902224 1.48600006 1.000000
-0.15711042 -0.16901699 1.46700013 1.000000
-0.15701115 -0.16489823 1.46600008 1.000000
-0.15755431 -0.16144286 1.47100008 1.000000
-0.15863298 -0.15849476 1.48100007 1.000000
-0.15319957 -0.17314863 1.46800005 1.000000
-0.15445974 -0.17052265 1.48000002 1.000000
-0.15321501 -0.16513084 1.46800005 1.000000
-0.15322252 -0.16112113 1.46800005 1.000000
-0.15291671 -0.15678976 1.46500003 1.000000
-0.15122934 -0.17145212 1.48800004 1.000000
-0.14910255 -0.16502586 1.46700013 1.000000
-0.14900823 -0.16090895 1.46600008 1.000000
-0.14830387 -0.15615478 1.45900011 1.000000
-0.14627339 -0.17042264 1.47900009 1.000000
-0.14450046 -0.16435817 1.46100008 1.000000
-0.14460650 -0.16047703 1.46200001 1.000000
-0.14411891 -0.15594769 1.45700002 1.000000
-0.14194314 -0.17008427 1.47600007 1.000000
-0.14070007 -0.16459030 1.46300006 1.000000
-0.14147645 -0.16147195 1.47100008 1.000000
-0.14167568 -0.15766709 1.47300005 1.000000
-0.13716857 -0.16515978 1.46800005 1.000000
-0.13754918 -0.16158856 1.47200012 1.000000
-0.13774276 -0.15778086 1.47400010 1.000000
-0.13849694 -0.15458751 1.48200011 1.000000
-0.13287686 -0.16883072 1.46500003 1.000000
-0.13324644 -0.16527908 1.46900010 1.000000
-0.13397877 -0.16214414 1.47700012 1.000000
-0.13398531 -0.15810855 1.47700012 1.000000
-0.13517106 -0.15542845 1.49000013 1.000000
-0.12940633 -0.16551073 1.47100008 1.000000
-0.12958875 -0.16171151 1.47300005 1.000000
-0.12977107 -0.15790081 1.47500002 1.000000
-0.13030520 -0.15449589 1.48100007 1.000000
-0.12529911 -0.16540465 1.47000003 1.000000
-0.12539065 -0.16149826 1.47100008 1.000000
-0.12548207 -0.15758586 1.47200012 1.000000
-0.12617008 -0.15439765 1.48000002 1.000000
-0.12062547 -0.16051626 1.46200001 1.000000
-0.12021887 -0.15598595 1.45700002 1.000000
-0.12030719 -0.15210839 1.45800006 1.000000
-0.12270592 -0.15106942 1.48700011 1.000000
-0.11630795 -0.16008300 1.45800006 1.000000
-0.11575527 -0.15534936 1.45100009 1.000000
-0.11544175 -0.15096639 1.44700003 1.000000
-0.11871835 -0.15117663 1.48800004 1.000000
-0.11255116 -0.16041812 1.46100008 1.000000
-0.11201746 -0.15567614 1.45400012 1.000000
-0.11194584 -0.15159783 1.45300007 1.000000
-0.11110362 -0.14650847 1.44200003 1.000000
-0.10922334 -0.16141191 1.47000003 1.000000
-0.10841142 -0.15621689 1.45900011 1.000000
-0.10849099 -0.15233348 1.46000004 1.000000
-0.10864478 -0.14854568 1.46200001 1.000000
-0.10491554 -0.16097808 1.46600008 1.000000
-0.10434821 -0.15611506 1.45800006 1.000000
-0.10463959 -0.15254730 1.46200001 1.000000
-0.10514562 -0.14926197 1.46900010 1.000000
-0.10117986 -0.16142251 1.47000003 1.000000
-0.10042776 -0.15622720 1.45900011 1.000000
-0.10084569 -0.15286529 1.46500003 1.000000
-0.10147008 -0.14977489 1.47400010 1.000000
-0.09966400 -0.16972131 1.50800002 1.000000
-0.09702536 -0.16120790 1.46800005 1.000000
-0.09656755 -0.15644623 1.46100008 1.000000
-0.09657228 -0.15245268 1.46100008 1.000000
-0.09684132 -0.14886506 1.46500003 1.000000
-0.09364174 -0.16231090 1.47800004 1.000000
-0.09269604 -0.15666509 1.46300006 1.000000
-0.09270060 -0.15266597 1.46300006 1.000000
-0.09283178 -0.14886956 1.46500003 1.000000
-0.09340647 -0.14575383 1.47400010 1.000000
-0.08583836 -0.15550663 1.41600001 1.000000
-0.08857074 -0.15645543 1.46100008 1.000000
-0.08869635 -0.15267040 1.46300006 1.000000
-0.08876126 -0.14877227 1.46400011 1.000000
-0.08931112 -0.14565921 1.47300005 1.000000
-0.08202069 -0.15562074 1.41700006 1.000000
-0.08468761 -0.15667392 1.46300006 1.000000
-0.08527067 -0.15371820 1.47300005 1.000000
-0.08550636 -0.15009750 1.47700012 1.000000
-0.08597354 -0.14684992 1.48500001 1.000000
-0.08134468 -0.15796317 1.47500002 1.000000
-0.08145902 -0.15413971 1.47700012 1.000000
-0.08146296 -0.15010150 1.47700012 1.000000
-0.08179774 -0.14665605 1.48300004 1.000000
-0.07730683 -0.15796715 1.47500002 1.000000
-0.07725824 -0.15383051 1.47400010 1.000000
-0.07720957 -0.14969878 1.47300005 1.000000
-0.07726565 -0.14576976 1.47400010 1.000000
-0.07347101 -0.15435602 1.47900009 1.000000
-0.07307715 -0.14949912 1.47100008 1.000000
-0.07303094 -0.14537768 1.47000003 1.000000
-0.07293495 -0.14116500 1.46800005 1.000000
-0.07358415 -0.13836415 1.48100007 1.000000
-0.06960919 -0.15477701 1.48300004 1.000000
-0.06923705 -0.14990906 1.47500002 1.000000
-0.06914645 -0.14567770 1.47300005 1.000000
-0.06943133 -0.14222607 1.47900009 1.000000
-0.06563679 -0.15498908 1.48500001 1.000000
-0.06515376 -0.14981067 1.47400010 1.000000
-0.06528948 -0.14607647 1.47700012 1.000000
-0.06538093 -0.14222915 1.47900009 1.000000
-0.06617963 -0.13986523 1.49700010 1.000000
-0.06007465 -0.15519634 1.44900012 1.000000
-0.06069957 -0.15280041 1.46400011 1.000000
-0.06095131 -0.14940716 1.47000003 1.000000
-0.06116154 -0.14588164 1.47500002 1.000000
-0.06128880 -0.14213589 1.47800004 1.000000
-0.06133305 -0.13818634 1.47900009 1.000000
-0.06075516 -0.13287032 1.46500003 1.000000
-0.05669031 -0.15280330 1.46400011 1.000000
-0.05665436 -0.14869854 1.46300006 1.000000
-0.05688942 -0.14529099 1.46900010 1.000000
-0.05693081 -0.14136925 1.47000003 1.000000
-0.05801783 -0.13996424 1.49800003 1.000000
-0.05681972 -0.13305429 1.46700013 1.000000
-0.05268342 -0.14880282 1.46400011 1.000000
-0.05282989 -0.14519468 1.46800005 1.000000
-0.05279637 -0.14108329 1.46700013 1.000000
-0.05377052 -0.13959301 1.49400008 1.000000
-0.05560852 -0.14013126 1.54500008 1.000000
-0.04903687 -0.15395667 1.47500002 1.000000
-0.04860705 -0.14860196 1.46200001 1.000000
-0.04870913 -0.14490035 1.46500003 1.000000
-0.04881115 -0.14118178 1.46800005 1.000000
-0.04911265 -0.13800690 1.47700012 1.000000
-0.04457196 -0.14850259 1.46100008 1.000000
-0.04472664 -0.14500147 1.46600008 1.000000
-0.04488129 -0.14147247 1.47100008 1.000000
-0.04159534 -0.15636186 1.49800003 1.000000
-0.04062549 -0.14870796 1.46300006 1.000000
-0.04071074 -0.14500350 1.46600008 1.000000
-0.04090704 -0.14166680 1.47300005 1.000000
-0.04132550 -0.13903880 1.48800004 1.000000
-0.03801760 -0.15855585 1.51900005 1.000000
-0.03669291 -0.14901476 1.46600008 1.000000
-0.03666965 -0.14490642 1.46500003 1.000000
-0.03679652 -0.14138007 1.47000003 1.000000
-0.03707357 -0.13838649 1.48100007 1.000000
-0.03285522 -0.14982963 1.47400010 1.000000
-0.03270076 -0.14510590 1.46700013 1.000000
-0.03270230 -0.14109316 1.46700013 1.000000
-0.03274838 -0.13726677 1.46900010 1.000000
-0.02873896 -0.14942455 1.47000003 1.000000
-0.02862303 -0.14481060 1.46400011 1.000000
-0.02856572 -0.14051750 1.46100008 1.000000
-0.02860613 -0.13670750 1.46300006 1.000000
-0.02489543 -0.15459397 1.48100007 1.000000
-0.02472855 -0.14952749 1.47100008 1.000000
-0.02461206 -0.14481188 1.46400011 1.000000
-0.02452915 -0.14032638 1.45900011 1.000000
-0.02454709 -0.13642836 1.46000004 1.000000
-0.02444730 -0.13188939 1.45400012 1.000000
-0.02051456 -0.15219426 1.45800006 1.000000
-0.02057285 -0.14461511 1.46200001 1.000000
-0.02057382 -0.14061597 1.46200001 1.000000
-0.02060290 -0.13680315 1.46400011 1.000000
-0.02057568 -0.13261603 1.46200001 1.000000
-0.02071731 -0.12949504 1.47200012 1.000000
-0.01657851 -0.14471491 1.46300006 1.000000
-0.01660195 -0.14090537 1.46500003 1.000000
-0.01659139 -0.13680400 1.46400011 1.000000
-0.01662613 -0.13307041 1.46700013 1.000000
-0.01649413 -0.10808515 1.45500004 1.000000
-0.01640403 -0.10352838 1.44700003 1.000000
-0.01263816 -0.14953023 1.47100008 1.000000
-0.01258722 -0.14491345 1.46500003 1.000000
-0.01261359 -0.14119457 1.46800005 1.000000
-0.01260558 -0.13708501 1.46700013 1.000000
-0.01264911 -0.13352460 1.47200012 1.000000
-0.01269262 -0.12993634 1.47700012 1.000000
-0.01284889 -0.11924361 1.49500012 1.000000
-0.01248840 -0.11191560 1.45300007 1.000000
-0.01243729 -0.10749138 1.44700003 1.000000
-0.01242915 -0.10345735 1.44600010 1.000000
-0.01242099 -0.09942839 1.44500005 1.000000
-0.00862589 -0.14580421 1.47400010 1.000000
-0.00857947 -0.14100273 1.46600008 1.000000
-0.00856231 -0.13671169 1.46300006 1.000000
-0.00857440 -0.13289009 1.46500003 1.000000
-0.00875036 -0.13152032 1.49500012 1.000000
-0.00856412 -0.11669166 1.46300006 1.000000
-0.00847664 -0.11153086 1.44800007 1.000000
-0.00845939 -0.10734320 1.44500005 1.000000
-0.00848312 -0.10367236 1.44900012 1.000000
-0.00847170 -0.09956636 1.44700003 1.000000
-0.00463698 -0.14738721 1.49000013 1.000000
-0.00456251 -0.14100303 1.46600008 1.000000
-0.00455338 -0.13671198 1.46300006 1.000000
-0.00456292 -0.13298109 1.46600008 1.000000
-0.00461603 -0.13046491 1.48300004 1.000000
-0.00473451 -0.12964514 1.52100003 1.000000
-0.00462576 -0.12259439 1.48600006 1.000000
-0.00451698 -0.11573477 1.45100009 1.000000
-0.00449537 -0.11122302 1.44400012 1.000000
-0.00448931 -0.10712057 1.44200003 1.000000
-0.00449881 -0.10338640 1.44500005 1.000000
-0.00450208 -0.09949778 1.44600010 1.000000
-0.00054589 -0.14109933 1.46700013 1.000000
-0.00054480 -0.13680555 1.46400011 1.000000
-0.00054594 -0.13307193 1.46700013 1.000000
-0.00054969 -0.12993719 1.47700012 1.000000
-0.00055641 -0.12742910 1.49500012 1.000000
-0.00054564 -0.12094450 1.46600008 1.000000
-0.00054082 -0.11589439 1.45300007 1.000000
-0.00053712 -0.11114608 1.44300008 1.000000
-0.00053640 -0.10704639 1.44100010 1.000000
-0.00053679 -0.10317184 1.44200003 1.000000
-0.00054127 -0.10004834 1.45400012 1.000000
0.00348331 -0.14148399 1.47100008 1.000000
0.00347636 -0.13717926 1.46800005 1.000000
0.00347652 -0.13316257 1.46800005 1.000000
0.00347430 -0.12905739 1.46700013 1.000000
0.00346497 -0.12470146 1.46300006 1.000000
0.00344854 -0.12011945 1.45600009 1.000000
0.00344157 -0.11589434 1.45300007 1.000000
0.00342038 -0.11122306 1.44400012 1.000000
0.00341814 -0.10719491 1.44300008 1.000000
0.00341827 -0.10324334 1.44300008 1.000000
0.00701817 -0.13591257 1.37400007 1.000000
0.00748333 -0.14090663 1.46500003 1.000000
0.00749389 -0.13708559 1.46700013 1.000000
0.00749423 -0.13307162 1.46700013 1.000000
0.00747923 -0.12879324 1.46400011 1.000000
0.00744889 -0.12427504 1.45800006 1.000000
0.00743387 -0.12003673 1.45500004 1.000000
0.00743416 -0.11605363 1.45500004 1.000000
0.00739869 -0.11153095 1.44800007 1.000000
0.00738874 -0.10741756 1.44600010 1.000000
0.01089272 -0.13729699 1.38800001 1.000000
0.01142690 -0.14004055 1.45600009 1.000000
0.01147452 -0.13661791 1.46200001 1.000000
0.01151428 -0.13307120 1.46700013 1.000000
0.01149908 -0.12888080 1.46500003 1.000000
0.01146032 -0.12444512 1.46000004 1.000000
0.01142939 -0.12011885 1.45600009 1.000000
0.01145339 -0.11637232 1.45900011 1.000000
0.01144599 -0.11230083 1.45800006 1.000000
0.01527875 -0.13878958 1.44300008 1.000000
0.01547005 -0.13652386 1.46100008 1.000000
0.01554487 -0.13316131 1.46800005 1.000000
0.01555613 -0.12923211 1.46900010 1.000000
0.01549325 -0.12470026 1.46300006 1.000000
0.01544093 -0.12028331 1.45800006 1.000000
0.01548391 -0.11661108 1.46200001 1.000000
0.01553747 -0.11299354 1.46700013 1.000000
0.01558041 -0.10927387 1.47100008 1.000000
0.01967240 -0.14196275 1.47600007 1.000000
0.01951336 -0.13680340 1.46400011 1.000000
0.01962086 -0.13352336 1.47200012 1.000000
0.01959505 -0.12931931 1.47000003 1.000000
0.01951590 -0.12478478 1.46400011 1.000000
0.01942338 -0.12020010 1.45700002 1.000000
0.01950415 -0.11669015 1.46300006 1.000000
0.01965155 -0.11353202 1.47400010 1.000000
0.01953230 -0.10882752 1.46500003 1.000000
0.01921301 -0.10309865 1.44100010 1.000000
0.01924034 -0.09928983 1.44300008 1.000000
0.02347554 -0.14051904 1.46100008 1.000000
0.02357303 -0.13708277 1.46700013 1.000000
0.02362228 -0.13334098 1.47000003 1.000000
0.02362331 -0.12931840 1.47000003 1.000000
0.02354395 -0.12486912 1.46500003 1.000000
0.02352885 -0.12077671 1.46400011 1.000000
0.02372265 -0.11772619 1.47600007 1.000000
0.02300198 -0.10238244 1.43100011 1.000000
0.02298670 -0.09839461 1.43000007 1.000000
0.02745969 -0.14042166 1.46000004 1.000000
0.02753619 -0.13680127 1.46400011 1.000000
0.02753742 -0.13279562 1.46400011 1.000000
0.02748218 -0.12852557 1.46100008 1.000000
0.02748334 -0.12452711 1.46100008 1.000000
0.02769141 -0.12143567 1.47200012 1.000000
0.02808757 -0.11908110 1.49300003 1.000000
0.02703892 -0.09493959 1.43700004 1.000000
0.02739732 -0.09220664 1.45600009 1.000000
0.03145981 -0.14042032 1.46000004 1.000000
0.03146125 -0.13642617 1.46000004 1.000000
0.03133336 -0.13188726 1.45400012 1.000000
0.03129162 -0.12773257 1.45200002 1.000000
0.03129294 -0.12375879 1.45200002 1.000000
0.03178992 -0.12168194 1.47500002 1.000000
0.03185585 -0.11788352 1.47800004 1.000000
0.03200796 -0.11437632 1.48500001 1.000000
0.03144872 -0.10837901 1.45900011 1.000000
0.03143146 -0.09233238 1.45800006 1.000000
0.03528814 -0.14371994 1.45300007 1.000000
0.03548409 -0.14051494 1.46100008 1.000000
0.03546143 -0.13642466 1.46000004 1.000000
0.03526869 -0.13170438 1.45200002 1.000000
0.03534309 -0.12799504 1.45500004 1.000000
0.03546604 -0.12443926 1.46000004 1.000000
0.03597764 -0.12217556 1.48100007 1.000000
0.03585760 -0.11772270 1.47600007 1.000000
0.03590757 -0.11383589 1.47800004 1.000000
0.03593320 -0.10986342 1.47900009 1.000000
0.03864518 -0.14535415 1.43000007 1.000000
0.03883621 -0.14213559 1.43700004 1.000000
0.03932453 -0.13993615 1.45500004 1.000000
0.03956958 -0.13679673 1.46400011 1.000000
0.03930105 -0.13188417 1.45400012 1.000000
0.03949196 -0.12852126 1.46100008 1.000000
0.03962879 -0.12494910 1.46600008 1.000000
0.04011700 -0.12242151 1.48400009 1.000000
0.03998342 -0.11796048 1.47900009 1.000000
0.04017420 -0.11445061 1.48600006 1.000000
0.04280249 -0.14223257 1.43800008 1.000000
0.04325099 -0.13974190 1.45300007 1.000000
0.04378879 -0.13744892 1.47100008 1.000000
0.04346327 -0.13242655 1.46000004 1.000000
0.04373310 -0.12922324 1.46900010 1.000000
0.04376470 -0.12528829 1.47000003 1.000000
0.04424286 -0.12258480 1.48600006 1.000000
0.04403620 -0.11795884 1.47900009 1.000000
0.04421654 -0.11437200 1.48500001 1.000000
0.04722914 -0.14371407 1.45300007 1.000000
0.04758891 -0.14079770 1.46400011 1.000000
0.04807869 -0.13819437 1.47900009 1.000000
0.04762570 -0.13287808 1.46500003 1.000000
0.04782282 -0.12939721 1.47100008 1.000000
0.04775981 -0.12520117 1.46900010 1.000000
0.04824946 -0.12241795 1.48400009 1.000000
0.04812131 -0.11803680 1.48000002 1.000000
0.04831825 -0.11444727 1.48600006 1.000000
0.05237461 -0.14291120 1.48600006 1.000000
0.05227125 -0.13856587 1.48300004 1.000000
0.05178009 -0.13323872 1.46900010 1.000000
0.05188807 -0.12948304 1.47200012 1.000000
0.05189025 -0.12545478 1.47200012 1.000000
0.05228015 -0.12233344 1.48300004 1.000000
0.05224697 -0.11819436 1.48200011 1.000000
0.05277781 -0.11529255 1.49700010 1.000000
0.05640954 -0.13875028 1.48500001 1.000000
0.05569027 -0.13296425 1.46600008 1.000000
0.05584463 -0.12930483 1.47000003 1.000000
0.05596095 -0.12553777 1.47300005 1.000000
0.05660910 -0.12290869 1.49000013 1.000000
0.05965991 -0.14088647 1.46500003 1.000000
0.06059930 -0.13902797 1.48800004 1.000000
0.05966526 -0.13287103 1.46500003 1.000000
0.05999365 -0.12956625 1.47300005 1.000000
0.06024055 -0.12604673 1.47900009 1.000000
0.06849661 -0.15155810 1.57600009 1.000000
0.06354758 -0.13259625 1.46200001 1.000000
0.06389806 -0.12929974 1.47000003 1.000000
0.06411809 -0.12570326 1.47500002 1.000000
0.06485971 -0.12306879 1.49200010 1.000000
0.07322854 -0.15242031 1.58500004 1.000000
0.07129133 -0.14416078 1.54300010 1.000000
0.06778288 -0.13304688 1.46700013 1.000000
0.06783200 -0.12912104 1.46800005 1.000000
0.06797346 -0.12535965 1.47100008 1.000000
0.06820727 -0.12174638 1.47600007 1.000000
0.07727183 -0.15615837 1.57900012 1.000000
0.07165375 -0.13277178 1.46400011 1.000000
0.07116736 -0.12788671 1.45400012 1.000000
0.07156191 -0.12458982 1.46200001 1.000000
0.07220116 -0.12166107 1.47500002 1.000000
0.08056188 -0.15417676 1.55900002 1.000000
0.07772684 -0.14051047 1.50400007 1.000000
0.07530118 -0.13213375 1.45700002 1.000000
0.07494261 -0.12753181 1.45000005 1.000000
0.07551428 -0.12450159 1.46100008 1.000000
0.07629266 -0.12174060 1.47600007 1.000000
0.08624513 -0.15674409 1.58500004 1.000000
0.07890998 -0.13149559 1.45000005 1.000000
0.07918546 -0.12796831 1.45500004 1.000000
0.07967858 -0.12475405 1.46400011 1.000000
0.08038935 -0.12181999 1.47700012 1.000000
0.09252325 -0.16452920 1.61900008 1.000000
0.08379479 -0.13294305 1.46600008 1.000000
0.08391267 -0.12910824 1.46800005 1.000000
0.08385899 -0.12500635 1.46700013 1.000000
0.08397669 -0.12115690 1.46900010 1.000000
0.08340830 -0.11633916 1.45900011 1.000000
0.08798823 -0.13321139 1.46900010 1.000000
0.08799198 -0.12919258 1.46900010 1.000000
0.08781590 -0.12491764 1.46600008 1.000000
0.08781943 -0.12090607 1.46600008 1.000000
0.08758322 -0.11657508 1.46200001 1.000000
0.09087849 -0.13554427 1.45100009 1.000000
0.09163406 -0.13266344 1.46300006 1.000000
0.09201377 -0.12918882 1.46900010 1.000000
0.09201756 -0.12516961 1.46900010 1.000000
0.09202125 -0.12114995 1.46900010 1.000000
0.09240069 -0.11760820 1.47500002 1.000000
0.09465832 -0.13129927 1.44800007 1.000000
0.09596982 -0.12909693 1.46800005 1.000000
0.09616990 -0.12533620 1.47100008 1.000000
0.09623913 -0.12139364 1.47200012 1.000000
0.09611209 -0.11720593 1.47000003 1.000000
0.09716540 -0.11034721 1.48600006 1.000000
0.09896231 -0.13174850 1.45300007 1.000000
0.10053307 -0.12979637 1.47600007 1.000000
0.10053718 -0.12575823 1.47600007 1.000000
0.10026873 -0.12138978 1.47200012 1.000000
0.10000012 -0.11704274 1.46800005 1.000000
0.10075323 -0.11387204 1.47900009 1.000000
0.10421867 -0.12935242 1.47100008 1.000000
0.10443549 -0.12558369 1.47400010 1.000000
0.10458136 -0.12171562 1.47600007 1.000000
0.10458538 -0.11767666 1.47600007 1.000000
0.10494360 -0.11402224 1.48100007 1.000000
0.10802367 -0.12908420 1.46800005 1.000000
0.10832246 -0.12540901 1.47200012 1.000000
0.10884189 -0.12195882 1.47900009 1.000000
0.10899326 -0.11807124 1.48100007 1.000000
0.10929171 -0.11432625 1.48500001 1.000000
0.11235068 -0.12540455 1.47200012 1.000000
0.11273678 -0.12178958 1.47700012 1.000000
0.11350442 -0.11854536 1.48700011 1.000000
0.11646217 -0.12145529 1.47300005 1.000000
0.11717823 -0.11814240 1.48200011 1.000000
