-1.15080762 -1.58985293 4.14300013 0.000000
-0.39980850 -0.66998798 1.52800012 0.000000
-0.40449107 -0.67362744 1.54600012 0.000000
-0.40812758 -0.67543817 1.56000006 0.000000
-0.39894614 -0.65609336 1.52500010 0.000000
-0.40677017 -0.66472930 1.55500007 0.000000
-0.41197851 -0.66895521 1.57500005 0.000000
-0.41326404 -0.66674387 1.58000004 0.000000
-0.41636086 -0.66307819 1.59200013 0.000000
-0.38674769 -0.70776123 1.49200010 0.000000
-0.38618854 -0.70267862 1.49000013 0.000000
-0.38925907 -0.70417380 1.50200009 0.000000
-0.39129367 -0.70374143 1.51000011 0.000000
-0.39902952 -0.71346009 1.54000008 0.000000
-0.39189586 -0.68422782 1.51300013 0.000000
-0.39549038 -0.68634659 1.52700007 0.000000
-0.39908546 -0.68839073 1.54100013 0.000000
-0.40190431 -0.68902838 1.55200005 0.000000
-0.39850932 -0.67901915 1.53900003 0.000000
-0.40210682 -0.68092233 1.55300009 0.000000
-0.40311593 -0.67839384 1.55700004 0.000000
-0.40412599 -0.67584574 1.56100011 0.000000
-0.40487814 -0.67284781 1.56400013 0.000000
-0.40485469 -0.66855323 1.56400013 0.000000
-0.40690300 -0.66765869 1.57200003 0.000000
-0.40558735 -0.66123670 1.56700003 0.000000
-0.40660220 -0.65861738 1.57100010 0.000000
-0.40502995 -0.65181321 1.56500006 0.000000
-0.40604681 -0.64918154 1.56900012 0.000000
-0.40370026 -0.64118648 1.56000006 0.000000
-0.38458332 -0.72353303 1.49900007 0.000000
-0.38761780 -0.72512430 1.51100004 0.000000
-0.37654534 -0.70041078 1.46800005 0.000000
-0.37932619 -0.70155382 1.47900009 0.000000
-0.37979969 -0.69839495 1.48100007 0.000000
-0.37873578 -0.69241530 1.47700012 0.000000
-0.38254482 -0.69531536 1.49200010 0.000000
-0.38917455 -0.70323133 1.51800013 0.000000
-0.40041849 -0.71929532 1.56200004 0.000000
-0.40140858 -0.71680981 1.56600010 0.000000
-0.39137858 -0.69474125 1.52700007 0.000000
-0.38570833 -0.68057859 1.50500011 0.000000
-0.38772801 -0.68002343 1.51300013 0.000000
-0.39356342 -0.68189633 1.53600001 0.000000
-0.39737895 -0.68428588 1.55100012 0.000000
-0.39812079 -0.68133408 1.55400002 0.000000
-0.40347466 -0.68621057 1.57500005 0.000000
-0.40191281 -0.67928463 1.56900012 0.000000
-0.40419424 -0.67884690 1.57800007 0.000000
-0.40263459 -0.67195028 1.57200003 0.000000
-0.39953950 -0.66254056 1.56000006 0.000000
-0.39900675 -0.65741855 1.55800009 0.000000
-0.40206027 -0.65817863 1.57000005 0.000000
-0.40972391 -0.66637158 1.60000002 0.000000
-0.40304819 -0.65123266 1.57400012 0.000000
-0.40226322 -0.64569116 1.57100010 0.000000
-0.40480784 -0.64547539 1.58100009 0.000000
-0.40709722 -0.64480126 1.59000003 0.000000
-0.40938732 -0.64407969 1.59900010 0.000000
-0.40502173 -0.63290888 1.58200002 0.000000
-0.41627395 -0.64607018 1.62600005 0.000000
-0.37447137 -0.72011465 1.47500002 0.000000
-0.38174391 -0.72590226 1.50400007 0.000000
-0.39187479 -0.68205315 1.54600012 0.000000
-0.40871233 -0.68502855 1.61300004 0.000000
-0.41243652 -0.67355728 1.62800002 0.000000
-0.40583339 -0.65841609 1.60200012 0.000000
-0.40480468 -0.65240079 1.59800005 0.000000
-0.40732333 -0.65208650 1.60800004 0.000000
-0.40908283 -0.65051103 1.61500013 0.000000
-0.40780360 -0.64409816 1.61000013 0.000000
-0.40779179 -0.63970107 1.61000013 0.000000
-0.41006038 -0.63885689 1.61900008 0.000000
-0.40473142 -0.62620908 1.59800005 0.000000
-0.39231214 -0.60278141 1.54900002 0.000000
-0.40268779 -0.61439979 1.59000003 0.000000
-0.40597266 -0.61505282 1.60300004 0.000000
-0.43127072 -0.63022679 1.70300007 0.000000
-0.43304023 -0.62816304 1.71000004 0.000000
-0.43101189 -0.62059295 1.70200002 0.000000
-0.43151665 -0.61668664 1.70400012 0.000000
-0.44012552 -0.61953837 1.73800004 0.000000
-0.38127458 -0.76598430 1.51700008 0.000000
-0.37518999 -0.74968809 1.49300003 0.000000
-0.45109105 -0.79363954 1.79900014 0.000000
-0.44287106 -0.74072379 1.76700008 0.000000
-0.43608481 -0.72464043 1.74000013 0.000000
-0.43604970 -0.71511668 1.74000013 0.000000
-0.42098349 -0.68126994 1.68000007 0.000000
-0.41896537 -0.67345679 1.67200005 0.000000
-0.41293913 -0.65928829 1.64800012 0.000000
-0.41242656 -0.65399355 1.64600003 0.000000
-0.40965989 -0.64516020 1.63500011 0.000000
-0.40664363 -0.63599640 1.62300003 0.000000
-0.40262622 -0.62534314 1.60700011 0.000000
-0.40161625 -0.61941546 1.60300004 0.000000
-0.40586838 -0.62156856 1.62000012 0.000000
-0.41312748 -0.62820166 1.64900005 0.000000
-0.42038727 -0.63467818 1.67800009 0.000000
-0.42464131 -0.63649184 1.69500005 0.000000
-0.42463717 -0.63187683 1.69500005 0.000000
-0.42563587 -0.62874323 1.69900012 0.000000
-0.42788792 -0.62742579 1.70800006 0.000000
-0.42838702 -0.62350821 1.71000004 0.000000
-0.43013948 -0.62139040 1.71700013 0.000000
-0.43139160 -0.61851710 1.72200012 0.000000
-0.43239391 -0.61526114 1.72600007 0.000000
-0.43364742 -0.61233819 1.73100007 0.000000
-0.36000866 -0.73514706 1.44800007 0.000000
-0.35871440 -0.72856820 1.44300008 0.000000
-0.36214441 -0.73156106 1.45700002 0.000000
-0.43951124 -0.78657377 1.77200007 0.000000
-0.43650603 -0.77640581 1.76000011 0.000000
-0.42928642 -0.75885409 1.73100007 0.000000
-0.42256486 -0.74233568 1.70400012 0.000000
-0.45004013 -0.78072625 1.81500006 0.000000
-0.43588373 -0.75138497 1.75800014 0.000000
-0.43338260 -0.74231815 1.74800003 0.000000
-0.43162656 -0.73457426 1.74100006 0.000000
-0.43235087 -0.73106295 1.74400008 0.000000
-0.43357196 -0.72837025 1.74900007 0.000000
-0.43405029 -0.72441113 1.75100005 0.000000
-0.43725631 -0.72496396 1.76400006 0.000000
-0.43649718 -0.71891576 1.76100004 0.000000
-0.43400413 -0.71004754 1.75100005 0.000000
-0.42754650 -0.69479132 1.72500002 0.000000
-0.42406440 -0.68447959 1.71100008 0.000000
-0.42107910 -0.67504066 1.69900012 0.000000
-0.41536868 -0.66132849 1.67600012 0.000000
-0.40817237 -0.64539218 1.64700007 0.000000
-0.40494242 -0.63584173 1.63400006 0.000000
-0.40443942 -0.63061422 1.63200009 0.000000
-0.40715885 -0.63038683 1.64300013 0.000000
-0.41012675 -0.63048172 1.65500009 0.000000
-0.41557348 -0.63429493 1.67700005 0.000000
-0.41656038 -0.63123047 1.68100011 0.000000
-0.41853920 -0.62963659 1.68900013 0.000000
-0.41878411 -0.62540990 1.69000006 0.000000
-0.42076442 -0.62375027 1.69800007 0.000000
-0.42299327 -0.62241310 1.70700014 0.000000
-0.42547056 -0.62138975 1.71700013 0.000000
-0.42621398 -0.61779886 1.72000003 0.000000
-0.42596692 -0.61276674 1.71900010 0.000000
-0.36282519 -0.77729553 1.47400010 0.000000
-0.36251757 -0.77261460 1.47300005 0.000000
-0.37254643 -0.78985542 1.51400006 0.000000
-0.36362937 -0.76691568 1.47800004 0.000000
-0.36775413 -0.77153504 1.49500012 0.000000
-0.36646816 -0.76477134 1.49000013 0.000000
-0.43553367 -0.80743074 1.77500010 0.000000
-0.43276981 -0.79270422 1.76400006 0.000000
-0.43126747 -0.78516769 1.75800014 0.000000
-0.43393663 -0.78521293 1.76900005 0.000000
-0.43096510 -0.77505457 1.75700009 0.000000
-0.42456138 -0.75882787 1.73100007 0.000000
-0.42036688 -0.74666727 1.71400011 0.000000
-0.42304075 -0.74672329 1.72500002 0.000000
-0.43086523 -0.75575435 1.75700009 0.000000
-0.43182400 -0.75264513 1.76100004 0.000000
-0.42763451 -0.74059880 1.74400008 0.000000
-0.42638877 -0.73371094 1.73900008 0.000000
-0.42661530 -0.72936773 1.74000013 0.000000
-0.42757836 -0.72627050 1.74400008 0.000000
-0.42952302 -0.72480834 1.75200009 0.000000
-0.43244916 -0.72494835 1.76400006 0.000000
-0.43464065 -0.72380006 1.77300012 0.000000
-0.43168512 -0.71408898 1.76100004 0.000000
-0.42922103 -0.70525098 1.75100005 0.000000
-0.42357144 -0.69126892 1.72800004 0.000000
-0.42405099 -0.68734694 1.73000014 0.000000
-0.40611348 -0.63123846 1.65700006 0.000000
-0.40954012 -0.63202107 1.67100012 0.000000
-0.41100684 -0.62972468 1.67700005 0.000000
-0.41296446 -0.62814248 1.68500006 0.000000
-0.41271704 -0.62318730 1.68400013 0.000000
-0.41516623 -0.62227947 1.69400012 0.000000
-0.41761613 -0.62131840 1.70400012 0.000000
-0.41908643 -0.61885637 1.71000004 0.000000
-0.41908690 -0.61420757 1.71000004 0.000000
-0.41688240 -0.60635155 1.70100009 0.000000
-0.34295401 -0.78529048 1.40600002 0.000000
-0.35161230 -0.78539270 1.44300008 0.000000
-0.33205435 -0.73798102 1.36300004 0.000000
-0.34069681 -0.74954414 1.39900005 0.000000
-0.34532639 -0.74423277 1.41900003 0.000000
-0.42297730 -0.83091241 1.74200010 0.000000
-0.41002756 -0.79627335 1.68900013 0.000000
-0.43175930 -0.82394487 1.77900004 0.000000
-0.42274398 -0.80199784 1.74200010 0.000000
-0.42173910 -0.79536009 1.73800004 0.000000
-0.42291939 -0.79284143 1.74300003 0.000000
-0.42992374 -0.80114907 1.77200007 0.000000
-0.42767987 -0.78737152 1.76300013 0.000000
-0.43603796 -0.77829981 1.79800010 0.000000
-0.42090216 -0.72767323 1.73600006 0.000000
-0.41274077 -0.62558448 1.70300007 0.000000
-0.41298276 -0.62131810 1.70400012 0.000000
-0.41201356 -0.61523765 1.70000005 0.000000
-0.41104507 -0.60918003 1.69600010 0.000000
-0.40935013 -0.60207570 1.68900013 0.000000
-0.34646410 -0.81019109 1.43600011 0.000000
-0.42521611 -0.84961241 1.77100003 0.000000
-0.41869074 -0.83182377 1.74400008 0.000000
-0.41144785 -0.81276584 1.71400011 0.000000
-0.40900835 -0.80330628 1.70400012 0.000000
-0.41137075 -0.80327863 1.71400011 0.000000
-0.42357343 -0.82230067 1.76500010 0.000000
-0.41630378 -0.79874092 1.73500013 0.000000
-0.41483104 -0.79120862 1.72900009 0.000000
-0.41931829 -0.86188018 1.76600003 0.000000
-0.40751141 -0.81890506 1.71700013 0.000000
-0.40462393 -0.80845898 1.70500004 0.000000
-0.40192363 -0.86838067 1.71100008 0.000000
-0.40547207 -0.85721791 1.72700012 0.000000
-0.30395994 -0.79172510 1.50300002 0.000000
-0.25958934 -0.66994512 1.46500003 0.000000
-0.26404956 -0.71266639 1.51300013 0.000000
-0.25548187 -0.68555880 1.46400011 0.000000
-0.27204373 -0.72575921 1.55900002 0.000000
-0.26190773 -0.69463462 1.50100005 0.000000
-0.25683358 -0.67717236 1.47200012 0.000000
-0.26624170 -0.69782674 1.52600002 0.000000
-0.26064593 -0.67909622 1.49400008 0.000000
-0.26412302 -0.68403733 1.51400006 0.000000
-0.26794943 -0.68976927 1.53600001 0.000000
-0.26479870 -0.67752981 1.51800013 0.000000
-0.26600975 -0.67648089 1.52500010 0.000000
-0.26687256 -0.67451394 1.53000009 0.000000
-0.27000347 -0.67821747 1.54800010 0.000000
-0.26563504 -0.66310269 1.52300012 0.000000
-0.25980824 -0.72467071 1.51200008 0.000000
-0.25343221 -0.70287240 1.47500002 0.000000
-0.25066593 -0.69123000 1.45900011 0.000000
-0.25082120 -0.68768549 1.46000004 0.000000
-0.25097731 -0.68413830 1.46100008 0.000000
-0.25577205 -0.69315714 1.48900008 0.000000
-0.25507054 -0.68721592 1.48500001 0.000000
-0.25488511 -0.68267918 1.48400009 0.000000
-0.24783058 -0.65985924 1.44300008 0.000000
-0.26309162 -0.69215822 1.53200006 0.000000
-0.26136327 -0.68347150 1.52200007 0.000000
-0.26513070 -0.68912405 1.54400003 0.000000
-0.25979799 -0.67114836 1.51300013 0.000000
-0.26235643 -0.66944689 1.52800012 0.000000
-0.26045331 -0.65634018 1.51700008 0.000000
-0.26370913 -0.66036791 1.53600001 0.000000
-0.26645035 -0.66301215 1.55200005 0.000000
-0.26610193 -0.65793037 1.55000007 0.000000
-0.26489577 -0.65075260 1.54300010 0.000000
-0.25052652 -0.75437886 1.48000002 0.000000
-0.25564399 -0.74921709 1.51100004 0.000000
-0.25426731 -0.74109030 1.50300002 0.000000
-0.25221515 -0.73105001 1.49100006 0.000000
-0.25202480 -0.72644216 1.49000013 0.000000
-0.25335744 -0.72620595 1.49800003 0.000000
-0.25198492 -0.71821648 1.49000013 0.000000
-0.25450277 -0.72129703 1.50500011 0.000000
-0.25245559 -0.71143204 1.49300003 0.000000
-0.25240657 -0.69910741 1.49300003 0.000000
-0.26526454 -0.66641515 1.57000005 0.000000
-0.26390868 -0.65876168 1.56200004 0.000000
-0.26238459 -0.65073448 1.55300009 0.000000
-0.26407117 -0.65066749 1.56300008 0.000000
-0.26694095 -0.65344244 1.58000004 0.000000
-0.26744604 -0.65037459 1.58300006 0.000000
-0.26626220 -0.64321059 1.57600009 0.000000
-0.26541680 -0.63689679 1.57100010 0.000000
-0.25001100 -0.76922995 1.50100005 0.000000
-0.24298823 -0.74364781 1.45900011 0.000000
-0.24212936 -0.73705876 1.45400012 0.000000
-0.23527722 -0.71235210 1.41300011 0.000000
-0.23458757 -0.70642686 1.40900004 0.000000
-0.24188976 -0.72445971 1.45300007 0.000000
-0.24519634 -0.73035228 1.47300005 0.000000
-0.25249788 -0.74797076 1.51700008 0.000000
-0.26380771 -0.65633553 1.58700013 0.000000
-0.25881928 -0.63969111 1.55700004 0.000000
-0.26114553 -0.64116913 1.57100010 0.000000
-0.26280743 -0.64095062 1.58100009 0.000000
-0.26513478 -0.64228994 1.59500003 0.000000
-0.26480302 -0.63715482 1.59300005 0.000000
-0.26247701 -0.62726486 1.57900012 0.000000
-0.23987827 -0.75431579 1.46400011 0.000000
-0.23947099 -0.74108851 1.46200001 0.000000
-0.26128960 -0.63915575 1.59800005 0.000000
-0.26096398 -0.63401973 1.59600008 0.000000
-0.26194701 -0.63205206 1.60200012 0.000000
-0.26407513 -0.63279575 1.61500013 0.000000
-0.26309705 -0.62607688 1.60900009 0.000000
-0.21794258 -0.71166843 1.35200012 0.000000
-0.22500631 -0.73092937 1.39600003 0.000000
-0.23204102 -0.74593377 1.44000006 0.000000
-0.23185268 -0.74140763 1.43900001 0.000000
-0.26112735 -0.64514464 1.62400007 0.000000
-0.26016474 -0.63836700 1.61800003 0.000000
-0.26032817 -0.63436586 1.61900008 0.000000
-0.25888416 -0.62646919 1.61000013 0.000000
-0.25551099 -0.61398572 1.58900011 0.000000
-0.25631899 -0.61159307 1.59400010 0.000000
-0.25943896 -0.57516575 1.61300004 0.000000
-0.27038530 -0.59486103 1.68100011 0.000000
-0.22854093 -0.76304412 1.44200003 0.000000
-0.22721387 -0.75079674 1.43400002 0.000000
-0.25008520 -0.61128479 1.58200002 0.000000
-0.25040552 -0.60776049 1.58400011 0.000000
-0.25531080 -0.61527455 1.61500013 0.000000
-0.26021671 -0.62262130 1.64600003 0.000000
-0.25769290 -0.61214995 1.63000011 0.000000
-0.25675035 -0.60549450 1.62400007 0.000000
-0.25881210 -0.60590482 1.63700008 0.000000
-0.26245546 -0.60991979 1.66000009 0.000000
-0.26910344 -0.62074018 1.70200002 0.000000
-0.27496171 -0.62952381 1.73900008 0.000000
-0.27101731 -0.61583132 1.71400011 0.000000
-0.26580808 -0.59942216 1.68100011 0.000000
-0.26882163 -0.60159397 1.70000005 0.000000
-0.25356773 -0.61733103 1.63200009 0.000000
-0.25279659 -0.61102909 1.62700009 0.000000
-0.25311348 -0.60736501 1.62900007 0.000000
-0.25513998 -0.60776228 1.64200008 0.000000
-0.25732243 -0.60845727 1.65600014 0.000000
-0.26447791 -0.62074804 1.70200002 0.000000
-0.26899248 -0.62663615 1.73100007 0.000000
-0.26247424 -0.60685760 1.68900013 0.000000
-0.21573272 -0.76131493 1.40900004 0.000000
-0.21074201 -0.76483572 1.40100002 0.000000
-0.20770147 -0.75003386 1.38100004 0.000000
-0.18748088 -0.79402566 1.39700007 0.000000
-0.17091818 -0.55945975 1.60500002 0.000000
-0.16219497 -0.54482794 1.56300008 0.000000
-0.17111398 -0.63173580 1.69400012 0.000000
-0.16556467 -0.60678995 1.63900006 0.000000
-0.15602422 -0.53821284 1.54400003 0.000000
-0.16633143 -0.61726391 1.69200003 0.000000
-0.17253208 -0.63550037 1.75500011 0.000000
-0.15534955 -0.55931342 1.58000004 0.000000
-0.15584876 -0.55679786 1.58500004 0.000000
-0.15536492 -0.55076975 1.58000004 0.000000
-0.16863534 -0.62922645 1.76400006 0.000000
-0.15975237 -0.59153491 1.67100012 0.000000
-0.15230283 -0.55961591 1.59300005 0.000000
-0.15546575 -0.56681287 1.62600005 0.000000
-0.14861296 -0.56640822 1.60000002 0.000000
-0.14778437 -0.55892086 1.59100008 0.000000
-0.15838163 -0.59435999 1.70500004 0.000000
-0.14371322 -0.56860089 1.59400010 0.000000
-0.14227761 -0.55862719 1.57800007 0.000000
-0.14175104 -0.54800385 1.57200003 0.000000
-0.13980828 -0.57471454 1.59900010 0.000000
-0.13701692 -0.55897635 1.56700003 0.000000
-0.13877256 -0.56182033 1.58700013 0.000000
-0.12969866 -0.55028009 1.53100002 0.000000
-0.13199235 -0.55577248 1.55800009 0.000000
-0.13716704 -0.57315576 1.61900008 0.000000
-0.12405270 -0.54790723 1.51300013 0.000000
-0.12586246 -0.55172402 1.53500009 0.000000
-0.12685259 -0.55185485 1.54700005 0.000000
-0.12025456 -0.54936147 1.51700008 0.000000
-0.12160799 -0.55137044 1.53400004 0.000000
-0.11979055 -0.53901881 1.51100004 0.000000
-0.11712354 -0.55407488 1.53000009 0.000000
-0.11314832 -0.53124791 1.47800004 0.000000
-0.11421162 -0.56441933 1.54700005 0.000000
-0.11333101 -0.55589110 1.53500009 0.000000
-0.12925854 -0.55303824 1.74900007 0.000000
-0.10765719 -0.55238450 1.51400006 0.000000
-0.10958229 -0.55806929 1.54100013 0.000000
-0.10168779 -0.54655874 1.48700011 0.000000
-0.10271832 -0.54801118 1.50200009 0.000000
-0.10504852 -0.55626374 1.53600001 0.000000
-0.09652676 -0.54031467 1.47000003 0.000000
-0.09738494 -0.54108363 1.48300004 0.000000
-0.11698630 -0.53851026 1.77900004 0.000000
-0.11574519 -0.52800155 1.76000011 0.000000
-0.11621395 -0.52532494 1.76700008 0.000000
-0.11589357 -0.51907498 1.76200008 0.000000
-0.09057279 -0.53281528 1.43900001 0.000000
-0.09227642 -0.53884882 1.46600008 0.000000
-0.09077002 -0.52612889 1.44200003 0.000000
-0.11416639 -0.54331005 1.81100011 0.000000
-0.11215725 -0.52890080 1.77900004 0.000000
-0.10825638 -0.50582635 1.71700013 0.000000
-0.10845355 -0.50205994 1.72000003 0.000000
-0.10530866 -0.48294970 1.67000008 0.000000
-0.08713652 -0.53969419 1.44700003 0.000000
-0.08762216 -0.53874367 1.45500004 0.000000
-0.08744549 -0.53370702 1.45200002 0.000000
-0.10111297 -0.48922420 1.67600012 0.000000
-0.08366436 -0.53874749 1.45500004 0.000000
-0.08487581 -0.54253280 1.47600007 0.000000
-0.07992562 -0.54023236 1.45900011 0.000000
-0.10443956 -0.59181803 1.90400004 0.000000
-0.07605749 -0.54492670 1.46100008 0.000000
-0.07637329 -0.54319817 1.46700013 0.000000
-0.07653303 -0.54033488 1.47000003 0.000000
-0.09820452 -0.59069943 1.88400006 0.000000
-0.07218198 -0.54567593 1.46300006 0.000000
-0.07272800 -0.54579353 1.47400010 0.000000
-0.09316592 -0.59642911 1.88600004 0.000000
-0.06838877 -0.54717106 1.46700013 0.000000
-0.06792568 -0.53950202 1.45700002 0.000000
-0.06457086 -0.55264336 1.47100008 0.000000
-0.06369576 -0.54120618 1.45100009 0.000000
-0.06356698 -0.53617257 1.44800007 0.000000
-0.05929563 -0.53710610 1.44000006 0.000000
-0.05933955 -0.53358340 1.44100010 0.000000
-0.05637569 -0.55077022 1.46600008 0.000000
-0.05583981 -0.54158455 1.45200002 0.000000
-0.05242351 -0.55114830 1.46700013 0.000000
-0.05199702 -0.54270601 1.45500004 0.000000
-0.05400079 -0.55950892 1.51100004 0.000000
-0.04767348 -0.54250944 1.44400012 0.000000
-0.04754356 -0.53711343 1.44000006 0.000000
-0.04332118 -0.53725165 1.43000007 0.000000
-0.04308078 -0.53040159 1.42200005 0.000000
-0.03929319 -0.53537500 1.42500007 0.000000
-0.03896407 -0.52704650 1.41300011 0.000000
-0.03529235 -0.53349811 1.42000008 0.000000
-0.04594308 -0.57883537 1.84600008 0.000000
-0.03720896 -0.71392852 1.68200004 0.000000
-0.03836029 -0.72658920 1.73400009 0.000000
-0.03875984 -0.72462887 1.75200009 0.000000
-0.03896063 -0.71880502 1.76100004 0.000000
-0.03827572 -0.70146412 1.73000014 0.000000
-0.03852011 -0.70120835 1.74100006 0.000000
-0.03887522 -0.70289439 1.75700009 0.000000
-0.03896490 -0.69972664 1.76100004 0.000000
-0.03182636 -0.54415041 1.43800008 0.000000
-0.03154003 -0.53537816 1.42500007 0.000000
-0.03794444 -0.53682095 1.71200013 0.000000
-0.03861214 -0.54152125 1.74200010 0.000000
-0.03273173 -0.74355596 1.68700004 0.000000
-0.03368238 -0.76043141 1.73600006 0.000000
-0.03405104 -0.76398247 1.75500011 0.000000
-0.03391531 -0.75618452 1.74800003 0.000000
-0.03453637 -0.76519191 1.78000009 0.000000
-0.03368365 -0.73213780 1.73600006 0.000000
-0.03374289 -0.72396815 1.73900008 0.000000
-0.03432887 -0.71248668 1.76900005 0.000000
-0.03409698 -0.70289546 1.75700009 0.000000
-0.03367106 -0.68939680 1.73500013 0.000000
-0.03396327 -0.69061989 1.75000012 0.000000
-0.03400324 -0.68666750 1.75200009 0.000000
-0.03363569 -0.67453152 1.73300004 0.000000
-0.02805042 -0.54680055 1.44500005 0.000000
-0.02797401 -0.54139084 1.44100010 0.000000
-0.03312520 -0.53431499 1.70400012 0.000000
-0.03320535 -0.53095454 1.70800006 0.000000
-0.03018112 -0.81702989 1.80900013 0.000000
-0.02909583 -0.77342439 1.74400008 0.000000
-0.02846168 -0.74729019 1.70600009 0.000000
-0.02935494 -0.68941218 1.75900006 0.000000
-0.02922249 -0.68153876 1.75100005 0.000000
-0.02878966 -0.66675204 1.72500002 0.000000
-0.02865727 -0.65901554 1.71700013 0.000000
-0.02460359 -0.55777550 1.47400010 0.000000
-0.02457129 -0.55303884 1.47200012 0.000000
-0.02885726 -0.52722484 1.72600007 0.000000
-0.02892628 -0.52377158 1.73000014 0.000000
-0.02941338 -0.52779776 1.75900006 0.000000
-0.02981696 -0.53018010 1.78300011 0.000000
-0.02945130 -0.51887828 1.76100004 0.000000
-0.02958736 -0.51645350 1.76900005 0.000000
-0.02922393 -0.50058401 1.74700010 0.000000
-0.02450893 -0.80221021 1.75500011 0.000000
-0.02415939 -0.78606492 1.73000014 0.000000
-0.02071952 -0.56118220 1.48300004 0.000000
-0.02066456 -0.55566978 1.47900009 0.000000
-0.02455106 -0.65061712 1.75700009 0.000000
-0.02565202 -0.63983512 1.83500004 0.000000
-0.02553086 -0.62189960 1.82600009 0.000000
-0.02403009 -0.51983774 1.71700013 0.000000
-0.02475971 -0.53080040 1.76900005 0.000000
-0.02477559 -0.52631658 1.77000010 0.000000
-0.02445551 -0.51475525 1.74700010 0.000000
-0.02419139 -0.50448573 1.72800004 0.000000
-0.02420726 -0.50010318 1.72900009 0.000000
-0.02440708 -0.49472669 1.74300003 0.000000
-0.01893958 -0.78354651 1.68400013 0.000000
-0.01918652 -0.78912342 1.70600009 0.000000
-0.01642645 -0.55247957 1.46000004 0.000000
-0.01656220 -0.55304068 1.47200012 0.000000
-0.01969196 -0.64802605 1.75000012 0.000000
-0.01954663 -0.63851744 1.73700011 0.000000
-0.01919875 -0.62251157 1.70600009 0.000000
-0.01915473 -0.61645275 1.70200002 0.000000
-0.01936959 -0.61868423 1.72100008 0.000000
-0.01933688 -0.61296403 1.71800005 0.000000
-0.01976683 -0.61703408 1.75600004 0.000000
-0.01977924 -0.61263907 1.75700009 0.000000
-0.01994930 -0.61308277 1.77200007 0.000000
-0.02014191 -0.61413199 1.78900003 0.000000
-0.02012064 -0.60861844 1.78700006 0.000000
-0.01950976 -0.48635995 1.73000014 0.000000
-0.01946619 -0.48056704 1.72600007 0.000000
-0.01935495 -0.47314093 1.71600008 0.000000
-0.01225849 -0.54377675 1.43700004 0.000000
-0.01248937 -0.55003572 1.46400011 0.000000
-0.01453262 -0.61221433 1.70300007 0.000000
-0.01462729 -0.61153781 1.71400011 0.000000
-0.01476466 -0.61257267 1.73000014 0.000000
-0.01490206 -0.61352122 1.74600005 0.000000
-0.01504894 -0.60996991 1.76300013 0.000000
-0.01524619 -0.61310321 1.78600013 0.000000
-0.01470079 -0.47396946 1.71900010 0.000000
-0.01450526 -0.46303952 1.69600010 0.000000
-0.01478013 -0.46710062 1.72800004 0.000000
-0.00832605 -0.54226357 1.43300009 0.000000
-0.00851236 -0.55041188 1.46500003 0.000000
-0.00443063 -0.54651982 1.43400002 0.000000
-0.00441846 -0.54112858 1.43000007 0.000000
-0.00521136 -0.45011616 1.68200004 0.000000
-0.00523347 -0.44741824 1.68900013 0.000000
-0.00529277 -0.44782805 1.70800006 0.000000
-0.00052532 -0.54194653 1.42200005 0.000000
-0.00052645 -0.53923661 1.42500007 0.000000
-0.00062612 -0.44768333 1.69000006 0.000000
-0.00062839 -0.44468191 1.69600010 0.000000
-0.00062918 -0.44060940 1.69800007 0.000000
0.00331706 -0.53775418 1.41100001 0.000000
0.00333836 -0.53734452 1.42000008 0.000000
0.00411434 -0.45752937 1.74500012 0.000000
0.00402036 -0.44242570 1.70500004 0.000000
0.00397588 -0.43293044 1.68600011 0.000000
0.00713001 -0.53584838 1.40600002 0.000000
0.00715568 -0.53393859 1.41100001 0.000000
0.00863249 -0.43575451 1.69700003 0.000000
0.00860776 -0.42988858 1.69200003 0.000000
0.01092355 -0.53432351 1.40200007 0.000000
0.01092402 -0.53053248 1.40200007 0.000000
0.01324185 -0.42580774 1.69400012 0.000000
0.01487401 -0.53927755 1.41500008 0.000000
0.01497977 -0.53923535 1.42500007 0.000000
0.01784540 -0.42072025 1.69200003 0.000000
0.01779412 -0.41490638 1.68700004 0.000000
0.01888196 -0.54385018 1.42700005 0.000000
0.02250328 -0.42146462 1.69500005 0.000000
0.02226612 -0.41244531 1.67700005 0.000000
0.02194925 -0.40206352 1.65300012 0.000000
0.02274686 -0.54732478 1.42600012 0.000000
0.02276374 -0.54384929 1.42700005 0.000000
0.02666747 -0.40973794 1.66600013 0.000000
0.02654158 -0.40327772 1.65800011 0.000000
0.02623364 -0.53926367 1.40500009 0.000000
0.02623472 -0.53546381 1.40500009 0.000000
0.03099248 -0.40230244 1.65400004 0.000000
0.03097627 -0.39757925 1.65300012 0.000000
0.02979869 -0.53465664 1.39300001 0.000000
0.02973573 -0.52974588 1.39000010 0.000000
0.03346720 -0.53273630 1.38800001 0.000000
0.03354091 -0.53012568 1.39100003 0.000000
0.04019801 -0.39499515 1.66100013 0.000000
0.03981403 -0.38673052 1.64500010 0.000000
0.03624712 -0.52584344 1.35100007 0.000000
0.03726804 -0.53687602 1.38900006 0.000000
0.03751098 -0.53657311 1.39800012 0.000000
0.04430519 -0.38672706 1.64500010 0.000000
0.04430878 -0.38226658 1.64500010 0.000000
0.04140064 -0.54151273 1.40100002 0.000000
0.04149090 -0.53887439 1.40400004 0.000000
0.04841061 -0.38366714 1.63200009 0.000000
0.04847386 -0.37970662 1.63400006 0.000000
0.04856678 -0.37596416 1.63700008 0.000000
0.04514670 -0.54073811 1.39900005 0.000000
0.04530981 -0.53887266 1.40400004 0.000000
0.05319854 -0.37710837 1.64200008 0.000000
0.05320283 -0.37265444 1.64200008 0.000000
0.04898682 -0.54112285 1.40000010 0.000000
0.05782698 -0.37355778 1.64600003 0.000000
0.05811271 -0.37088615 1.65400004 0.000000
0.05222898 -0.53532320 1.38500011 0.000000
0.06843179 -0.61254913 1.81300008 0.000000
0.06666198 -0.59189892 1.76600003 0.000000
0.06239710 -0.37400684 1.64800012 0.000000
0.06202345 -0.36729360 1.63800013 0.000000
0.06180120 -0.36151981 1.63200009 0.000000
0.07146076 -0.60143590 1.76600003 0.000000
0.07288153 -0.60849041 1.80100012 0.000000
0.06653675 -0.36751267 1.63900006 0.000000
0.06585187 -0.35929954 1.62200010 0.000000
0.06577592 -0.35445997 1.62000012 0.000000
0.07574493 -0.60208309 1.75400007 0.000000
0.07600863 -0.59938800 1.76000011 0.000000
0.07088767 -0.36239532 1.63600004 0.000000
0.06993997 -0.35314178 1.61400008 0.000000
0.06403203 -0.54334587 1.39600003 0.000000
0.08097795 -0.60551101 1.76400006 0.000000
0.07503840 -0.35641798 1.62900007 0.000000
0.06812019 -0.54567885 1.40200007 0.000000
0.08618113 -0.55527788 1.77100003 0.000000
0.07963299 -0.35706827 1.63200009 0.000000
0.08037125 -0.35587958 1.64700007 0.000000
0.07111217 -0.53944898 1.38600004 0.000000
0.09151185 -0.56321943 1.78100014 0.000000
0.09162099 -0.55903417 1.78300011 0.000000
0.08528095 -0.35760167 1.65500009 0.000000
0.08528765 -0.35310858 1.65500009 0.000000
0.07406862 -0.53731918 1.37100005 0.000000
0.09685549 -0.56122237 1.79000008 0.000000
0.09691638 -0.55669630 1.79100013 0.000000
0.08942719 -0.35160825 1.64800012 0.000000
0.08932562 -0.34671208 1.64600003 0.000000
0.07762434 -0.53984463 1.36800003 0.000000
0.07739981 -0.53457338 1.36400008 0.000000
0.10487730 -0.64895082 1.84700012 0.000000
0.10161646 -0.56058836 1.78800011 0.000000
0.10128252 -0.55389184 1.78200006 0.000000
0.09410550 -0.34775814 1.65100002 0.000000
0.08419617 -0.56261861 1.41600001 0.000000
0.08176067 -0.54260457 1.37500012 0.000000
0.08146590 -0.53692228 1.37000012 0.000000
0.10668978 -0.62997198 1.79300010 0.000000
0.10372035 -0.60769451 1.74300003 0.000000
0.10559947 -0.55108726 1.77300012 0.000000
0.09837485 -0.34690815 1.64700007 0.000000
0.08642998 -0.55228561 1.39000010 0.000000
0.08593503 -0.54536438 1.38200009 0.000000
0.08525366 -0.53731155 1.37100005 0.000000
0.11051057 -0.62399310 1.77600014 0.000000
0.11017861 -0.54983640 1.76900005 0.000000
0.11056005 -0.54690444 1.77500010 0.000000
0.09046932 -0.55387253 1.39400005 0.000000
0.08975799 -0.54575640 1.38300002 0.000000
0.11351821 -0.61887318 1.74800003 0.000000
0.11469330 -0.62047344 1.76600003 0.000000
0.11564586 -0.55293673 1.77900004 0.000000
0.11552390 -0.54751271 1.77700007 0.000000
0.10574702 -0.33722183 1.62200010 0.000000
0.10614632 -0.33404726 1.62800002 0.000000
0.09365134 -0.55029404 1.38500011 0.000000
0.09324826 -0.54417527 1.37900007 0.000000
0.12001599 -0.55075288 1.77200007 0.000000
0.12076940 -0.54935312 1.78300011 0.000000
0.11093118 -0.33506495 1.63300014 0.000000
0.11195867 -0.33366558 1.64800012 0.000000
0.09657333 -0.54552352 1.37300003 0.000000
0.09629467 -0.54022634 1.36900008 0.000000
0.12455911 -0.54950124 1.76800013 0.000000
0.12555413 -0.54903644 1.78200006 0.000000
0.11609630 -0.33710811 1.64300013 0.000000
0.11525710 -0.33021504 1.63100004 0.000000
0.09899169 -0.53836912 1.35500002 0.000000
0.09899442 -0.53469896 1.35500002 0.000000
0.13061693 -0.55477613 1.78500009 0.000000
0.12952824 -0.54533035 1.77000010 0.000000
0.11963674 -0.33000374 1.63000011 0.000000
0.11869150 -0.32297823 1.61700010 0.000000
0.10206988 -0.53518796 1.34700012 0.000000
0.10245153 -0.53351229 1.35200012 0.000000
0.13669118 -0.55973971 1.80100012 0.000000
0.13670056 -0.55487210 1.80100012 0.000000
0.12325851 -0.32336861 1.61900008 0.000000
0.10941646 -0.56141400 1.39400005 0.000000
0.10761365 -0.54843551 1.37100005 0.000000
0.10651740 -0.53915840 1.35700011 0.000000
0.10683424 -0.53706086 1.36100006 0.000000
0.14350016 -0.64680880 1.82700014 0.000000
0.14309792 -0.56071609 1.82000005 0.000000
0.12561855 -0.32249463 1.59300005 0.000000
0.12767836 -0.32335928 1.61900008 0.000000
0.11199109 -0.55163318 1.37900007 0.000000
0.11134413 -0.54471803 1.37100005 0.000000
0.15455708 -0.67849463 1.90200007 0.000000
0.15131426 -0.65919209 1.86200011 0.000000
0.13193466 -0.32295015 1.61700010 0.000000
0.13276041 -0.32052603 1.62700009 0.000000
0.11632806 -0.55443060 1.38600004 0.000000
0.11616299 -0.54988021 1.38400006 0.000000
0.16041040 -0.67617726 1.91000009 0.000000
0.13837200 -0.32773340 1.64100003 0.000000
0.13703296 -0.32012203 1.62500012 0.000000
0.11888342 -0.54882771 1.37200010 0.000000
0.11897287 -0.54550683 1.37300003 0.000000
0.15172549 -0.62425762 1.75000012 0.000000
0.14172947 -0.32070279 1.62800002 0.000000
0.14165279 -0.31608373 1.62700009 0.000000
0.12055340 -0.54693919 1.34900010 0.000000
0.11778533 -0.53079677 1.31800008 0.000000
0.12109447 -0.54202461 1.35500002 0.000000
0.12216973 -0.54312009 1.36700010 0.000000
0.15612756 -0.62282330 1.74600005 0.000000
0.14698067 -0.32246509 1.63700008 0.000000
0.14672200 -0.31743312 1.63400006 0.000000
0.12533109 -0.54442203 1.36100006 0.000000
0.12570229 -0.54232252 1.36500001 0.000000
0.16666022 -0.56154335 1.80700004 0.000000
0.15071875 -0.31645098 1.62900007 0.000000
0.13130412 -0.55777460 1.38500011 0.000000
0.13159119 -0.55521959 1.38800001 0.000000
0.13235258 -0.55463594 1.39600003 0.000000
0.16806503 -0.55003434 1.77000010 0.000000
0.16817106 -0.54555780 1.77100003 0.000000
0.15430675 -0.31469166 1.62000012 0.000000
0.15574673 -0.31316108 1.63500011 0.000000
0.13497213 -0.55736935 1.38400006 0.000000
0.13555996 -0.55601692 1.39000010 0.000000
0.17396788 -0.54862696 1.78100014 0.000000
0.13843420 -0.55615860 1.38100004 0.000000
0.13873760 -0.55361408 1.38400006 0.000000
0.18643843 -0.67315370 1.85900009 0.000000
0.16335988 -0.31064844 1.62200010 0.000000
0.14146571 -0.55706388 1.37400007 0.000000
0.14085031 -0.55092072 1.36800003 0.000000
0.14260331 -0.55401123 1.38500011 0.000000
0.16685392 -0.30891302 1.61300004 0.000000
0.16665880 -0.30415028 1.61100006 0.000000
0.14403880 -0.55260187 1.36300004 0.000000
0.14530930 -0.55373728 1.37500012 0.000000
0.19220012 -0.56428188 1.81600010 0.000000
0.17178480 -0.30985865 1.61800003 0.000000
0.17169069 -0.30527115 1.61700010 0.000000
0.17414497 -0.30515409 1.64000010 0.000000
0.14795919 -0.55711460 1.36500001 0.000000
0.14915359 -0.55787033 1.37600005 0.000000
0.14861393 -0.55212390 1.37100005 0.000000
0.17510900 -0.30793142 1.60800004 0.000000
0.17577468 -0.30469266 1.61400008 0.000000
0.18460891 -0.31537524 1.69500005 0.000000
0.15211673 -0.55503017 1.36900008 0.000000
0.15200791 -0.55091333 1.36800003 0.000000
0.20274973 -0.56612122 1.82200015 0.000000
0.17939526 -0.30335888 1.60700011 0.000000
0.15572479 -0.55462265 1.36800003 0.000000
0.15481636 -0.54768914 1.36000001 0.000000
0.21523409 -0.68944967 1.89000010 0.000000
0.21467337 -0.68252569 1.88500011 0.000000
0.20713656 -0.56455481 1.81700003 0.000000
0.20771959 -0.56118214 1.82200015 0.000000
0.18446384 -0.30447888 1.61300004 0.000000
0.18379034 -0.29897708 1.60700011 0.000000
0.15827842 -0.55056632 1.35800004 0.000000
0.15828063 -0.54688132 1.35800004 0.000000
0.15525268 -0.53279746 1.33200002 0.000000
0.21429716 -0.57044512 1.83600008 0.000000
0.21290977 -0.56178492 1.82400012 0.000000
0.18933047 -0.30522111 1.61700010 0.000000
0.19109988 -0.30361533 1.63200009 0.000000
0.16185112 -0.55015886 1.35700011 0.000000
0.16125691 -0.54446280 1.35200012 0.000000
0.21607995 -0.55715168 1.80900013 0.000000
0.19409859 -0.30577421 1.62000012 0.000000
0.19435146 -0.30174187 1.62200010 0.000000
0.16371050 -0.54407555 1.34200001 0.000000
0.16542046 -0.54607135 1.35600007 0.000000
0.23234899 -0.69968361 1.90400004 0.000000
0.21805532 -0.55457330 1.78500009 0.000000
0.21904601 -0.55221039 1.79300010 0.000000
0.19705774 -0.29912418 1.60800004 0.000000
0.16648598 -0.54123574 1.33500004 0.000000
0.22353470 -0.55611336 1.79000008 0.000000
0.22267404 -0.54911709 1.78300011 0.000000
0.20056409 -0.29780868 1.60100007 0.000000
0.16986056 -0.54042315 1.33300006 0.000000
0.23044460 -0.56107050 1.80600011 0.000000
0.23186210 -0.55957425 1.81700003 0.000000
0.20556776 -0.29872513 1.60600007 0.000000
0.20698954 -0.29637444 1.61700010 0.000000
0.17478447 -0.54812253 1.34300005 0.000000
0.17361470 -0.54082686 1.33400011 0.000000
0.23626830 -0.56323129 1.81300008 0.000000
0.23302421 -0.55062938 1.78800011 0.000000
0.21085957 -0.30001327 1.61300004 0.000000
0.21074279 -0.29544419 1.61200011 0.000000
0.17923293 -0.55057007 1.34900010 0.000000
0.17896861 -0.54609561 1.34700012 0.000000
0.23920293 -0.55855745 1.79800010 0.000000
0.24107966 -0.55800611 1.81200004 0.000000
0.21500205 -0.29524690 1.61100006 0.000000
0.21101210 -0.28544945 1.58100009 0.000000
0.18344282 -0.55220139 1.35300004 0.000000
0.18385091 -0.54974282 1.35600007 0.000000
0.25468552 -0.70025831 1.87800014 0.000000
0.24232718 -0.55450493 1.78500009 0.000000
0.21993621 -0.29596573 1.61500013 0.000000
0.22049528 -0.29229614 1.61900008 0.000000
0.18615322 -0.54934347 1.34600008 0.000000
0.18670762 -0.54730880 1.35000002 0.000000
0.19210306 -0.55934805 1.38900006 0.000000
0.25342691 -0.68309861 1.83200014 0.000000
0.24898079 -0.55852908 1.79800010 0.000000
0.24913371 -0.55397409 1.79900014 0.000000
0.22350253 -0.29485178 1.60900009 0.000000
0.22379482 -0.29083753 1.61100006 0.000000
0.18797942 -0.54403675 1.33300006 0.000000
0.18798050 -0.54041547 1.33300006 0.000000
0.25840652 -0.68309110 1.83200014 0.000000
0.25514004 -0.56131041 1.80700004 0.000000
0.22646903 -0.29300475 1.59900010 0.000000
0.23158263 -0.29515556 1.63500011 0.000000
0.19074112 -0.54158705 1.32700002 0.000000
0.18987969 -0.53554928 1.32100010 0.000000
0.25918922 -0.55943215 1.80100012 0.000000
0.23343734 -0.29189140 1.61700010 0.000000
0.19713126 -0.55299938 1.34600008 0.000000
0.19581357 -0.54566765 1.33700001 0.000000
0.24106161 -0.30030417 1.63900006 0.000000
0.23872347 -0.29295948 1.62300003 0.000000
0.20108934 -0.55382097 1.34800005 0.000000
0.20138799 -0.55097270 1.35000002 0.000000
0.26270825 -0.54635733 1.75900006 0.000000
0.20460266 -0.55341011 1.34700012 0.000000
0.20581795 -0.55301297 1.35500002 0.000000
0.26808327 -0.55235451 1.76300013 0.000000
0.27068293 -0.55286539 1.78000009 0.000000
0.24635662 -0.28709328 1.61500013 0.000000
0.20780137 -0.55217773 1.34400010 0.000000
0.20888364 -0.55138016 1.35100007 0.000000
0.27815232 -0.55813068 1.79700005 0.000000
0.24949566 -0.29002586 1.60700011 0.000000
0.24904522 -0.28512263 1.60400009 0.000000
0.21302918 -0.55628645 1.35400009 0.000000
0.21507433 -0.55791014 1.36700010 0.000000
0.21932259 -0.56513995 1.39400005 0.000000
0.21727797 -0.55611652 1.38100004 0.000000
0.21649246 -0.55036461 1.37600005 0.000000
0.27861151 -0.55420542 1.76900005 0.000000
0.25623927 -0.29271728 1.62200010 0.000000
0.25499111 -0.28688473 1.61400008 0.000000
0.21863154 -0.56121713 1.36600006 0.000000
0.21927136 -0.55913454 1.37000012 0.000000
0.22119209 -0.56027460 1.38200009 0.000000
0.22103257 -0.55611569 1.38100004 0.000000
0.22007327 -0.54996336 1.37500012 0.000000
0.22071491 -0.54781729 1.37900007 0.000000
0.26274255 -0.29504743 1.63500011 0.000000
0.25938362 -0.28686908 1.61400008 0.000000
0.22071828 -0.55710942 1.35600007 0.000000
0.22381037 -0.56117541 1.37500012 0.000000
0.22462413 -0.55946356 1.38000011 0.000000
0.22397339 -0.55410153 1.37600005 0.000000
0.22283483 -0.54756236 1.36900008 0.000000
0.22299886 -0.54424036 1.37000012 0.000000
0.22495386 -0.54525393 1.38200009 0.000000
0.26604754 -0.29376814 1.62800002 0.000000
0.26181445 -0.28472054 1.60200012 0.000000
0.26101294 -0.27948883 1.59700012 0.000000
0.22258648 -0.55625117 1.34500003 0.000000
0.22275074 -0.55300188 1.34600008 0.000000
0.22572879 -0.55668652 1.36400008 0.000000
0.22804537 -0.55865270 1.37800002 0.000000
0.22688709 -0.55208755 1.37100005 0.000000
0.22490185 -0.54356170 1.35900009 0.000000
0.22589588 -0.54225266 1.36500001 0.000000
0.22689040 -0.54091215 1.37100005 0.000000
0.29039741 -0.54440600 1.75300014 0.000000
0.26384702 -0.28221667 1.58800006 0.000000
0.26469350 -0.27877316 1.59300005 0.000000
0.21951576 -0.53970993 1.30500007 0.000000
0.22456065 -0.54848361 1.33500004 0.000000
0.22725104 -0.55138141 1.35100007 0.000000
0.23229682 -0.55986905 1.38100004 0.000000
0.23145577 -0.55410069 1.37600005 0.000000
0.22910129 -0.54476082 1.36200011 0.000000
0.30019683 -0.55853254 1.78300011 0.000000
0.30054855 -0.55432874 1.78500009 0.000000
0.26782924 -0.28184539 1.58600008 0.000000
0.26666290 -0.27630758 1.57900012 0.000000
0.22887650 -0.55377322 1.33900011 0.000000
0.22699459 -0.54560900 1.32800007 0.000000
0.23143758 -0.55260664 1.35400009 0.000000
0.30813593 -0.55928230 1.80100012 0.000000
0.31225768 -0.56179637 1.82500005 0.000000
0.27454543 -0.28431726 1.60000002 0.000000
0.27198750 -0.27734166 1.58500004 0.000000
0.23217086 -0.55294800 1.33700001 0.000000
0.23112708 -0.54684305 1.33100009 0.000000
0.31024802 -0.55429852 1.78500009 0.000000
0.27751848 -0.27855054 1.59200013 0.000000
0.27509385 -0.27180940 1.57800007 0.000000
0.23774731 -0.55749965 1.34800005 0.000000
0.23545234 -0.54848820 1.33500004 0.000000
0.31403825 -0.55242026 1.77900004 0.000000
0.27742159 -0.27416041 1.56700003 0.000000
0.27655220 -0.26903769 1.56200004 0.000000
0.27426615 -0.26258543 1.54900002 0.000000
0.27215675 -0.25637010 1.53700006 0.000000
0.27252606 -0.25251651 1.53900003 0.000000
0.27732256 -0.25268537 1.56600010 0.000000
0.27344158 -0.24493361 1.54400003 0.000000
0.26530936 -0.23355897 1.49800003 0.000000
0.23872735 -0.55129862 1.33300006 0.000000
0.23639682 -0.54232746 1.32000005 0.000000
0.31976721 -0.55395776 1.78400004 0.000000
0.27790719 -0.27047053 1.54600012 0.000000
0.27936110 -0.26764408 1.55400002 0.000000
0.28011158 -0.25985733 1.55800009 0.000000
0.27886850 -0.25447014 1.55100012 0.000000
0.27584201 -0.24333237 1.53400004 0.000000
0.27369893 -0.23728633 1.52200007 0.000000
0.23907791 -0.54027539 1.31500006 0.000000
0.32716069 -0.55828977 1.79800010 0.000000
0.33008754 -0.55834758 1.81400013 0.000000
0.29930666 -0.32275149 1.64100003 0.000000
0.28376830 -0.26780042 1.55500007 0.000000
0.24228556 -0.53945619 1.31300008 0.000000
0.33056718 -0.55579054 1.79000008 0.000000
0.33593827 -0.55987096 1.81900012 0.000000
0.29410690 -0.27346736 1.58800006 0.000000
0.33861473 -0.56105381 1.80700004 0.000000
0.33525690 -0.55062181 1.78900003 0.000000
0.29161116 -0.32649359 1.55300009 0.000000
0.29444510 -0.32539076 1.56800008 0.000000
0.29746711 -0.32441077 1.58400011 0.000000
0.29709083 -0.27654469 1.58100009 0.000000
0.29955027 -0.27448416 1.59400010 0.000000
0.34428301 -0.56228054 1.81100011 0.000000
0.34087631 -0.55183762 1.79300010 0.000000
0.29066998 -0.32494211 1.52600002 0.000000
0.29316330 -0.32353321 1.53900003 0.000000
0.29737142 -0.32392085 1.56100011 0.000000
0.30005586 -0.32255012 1.57500005 0.000000
0.30045429 -0.31867784 1.57700002 0.000000
0.30589393 -0.29817700 1.60500002 0.000000
0.30554700 -0.28909191 1.60300004 0.000000
0.30270469 -0.28206995 1.58800006 0.000000
0.30234012 -0.27740270 1.58600008 0.000000
0.30102220 -0.27188480 1.57900012 0.000000
0.29570037 -0.26284555 1.55100012 0.000000
0.34669480 -0.55822927 1.79800010 0.000000
0.34728846 -0.55428439 1.80100012 0.000000
0.29539463 -0.32556388 1.52900004 0.000000
0.29811659 -0.32435697 1.54300010 0.000000
0.29987273 -0.32203600 1.55200005 0.000000
0.30162907 -0.31966573 1.56100011 0.000000
0.30203283 -0.31583151 1.56300008 0.000000
0.30108389 -0.31059045 1.55800009 0.000000
0.30187407 -0.30714571 1.56200004 0.000000
0.30208451 -0.30309695 1.56300008 0.000000
0.30519414 -0.30191025 1.57900012 0.000000
0.30405155 -0.29648933 1.57300007 0.000000
0.30368197 -0.29184353 1.57100010 0.000000
0.30543873 -0.28922161 1.58000004 0.000000
0.30680892 -0.28618953 1.58700013 0.000000
0.30473229 -0.27135178 1.57600009 0.000000
0.30397528 -0.26638812 1.57200003 0.000000
0.35294652 -0.56038749 1.80500007 0.000000
0.35061508 -0.55180699 1.79300010 0.000000
0.30132779 -0.32328871 1.53800011 0.000000
0.30212873 -0.31994388 1.54200006 0.000000
0.30273375 -0.31637198 1.54500008 0.000000
0.30373076 -0.31318745 1.55000007 0.000000
0.30511969 -0.31037381 1.55700004 0.000000
0.30631283 -0.30732512 1.56300008 0.000000
0.30809391 -0.30482495 1.57200003 0.000000
0.30693519 -0.29940748 1.56600010 0.000000
0.30714831 -0.29534134 1.56700003 0.000000
0.30657730 -0.29052624 1.56400013 0.000000
0.30718228 -0.28682506 1.56700003 0.000000
0.30680707 -0.28220543 1.56500006 0.000000
0.35646045 -0.55819935 1.79800010 0.000000
0.35766503 -0.55517697 1.80400014 0.000000
0.30629903 -0.32411224 1.54200006 0.000000
0.30611771 -0.31971914 1.54100013 0.000000
0.30613494 -0.31553572 1.54100013 0.000000
0.30714554 -0.31236202 1.54600012 0.000000
0.30895090 -0.30995792 1.55500007 0.000000
0.31075642 -0.30750445 1.56400013 0.000000
0.31136981 -0.30383816 1.56700003 0.000000
0.30999604 -0.29824317 1.56000006 0.000000
0.30941698 -0.29343957 1.55700004 0.000000
0.30883777 -0.28865173 1.55400002 0.000000
0.30925214 -0.28479481 1.55600011 0.000000
0.30907023 -0.28038552 1.55500007 0.000000
0.31905946 -0.27631122 1.60500002 0.000000
0.31609431 -0.26940519 1.59000003 0.000000
0.36536238 -0.56439352 1.81800008 0.000000
0.36135793 -0.55331540 1.79800010 0.000000
0.30786857 -0.32136258 1.52900004 0.000000
0.30909392 -0.31845704 1.53500009 0.000000
0.30911118 -0.31428996 1.53500009 0.000000
0.31033671 -0.31133455 1.54100013 0.000000
0.31216648 -0.30894399 1.55000007 0.000000
0.31339222 -0.30591428 1.55600011 0.000000
0.31421515 -0.30246362 1.56000006 0.000000
0.31302381 -0.29707900 1.55400002 0.000000
0.31243658 -0.29229179 1.55100012 0.000000
0.31144631 -0.28714892 1.54600012 0.000000
0.31206754 -0.28349677 1.54900002 0.000000
0.30684602 -0.27459911 1.52300012 0.000000
0.32021111 -0.26921910 1.58900011 0.000000
0.36805850 -0.56096375 1.80700004 0.000000
0.36746234 -0.55514669 1.80400014 0.000000
0.31307477 -0.31406796 1.53400004 0.000000
0.31370431 -0.31050918 1.53700006 0.000000
0.31576261 -0.30832875 1.54700005 0.000000
0.31639230 -0.30471739 1.55000007 0.000000
0.31722608 -0.30128306 1.55400002 0.000000
0.31663087 -0.29648834 1.55100012 0.000000
0.31583136 -0.29152095 1.54700005 0.000000
0.31482750 -0.28638908 1.54200006 0.000000
0.31321093 -0.28073481 1.53400004 0.000000
0.32309642 -0.26801643 1.58200002 0.000000
0.32474700 -0.26504785 1.59000003 0.000000
0.37007549 -0.55660307 1.79300010 0.000000
0.36204022 -0.53974563 1.75400007 0.000000
0.31043151 -0.30321950 1.50100005 0.000000
0.31603274 -0.30452481 1.52800012 0.000000
0.32122082 -0.30528983 1.55300009 0.000000
0.32020390 -0.30010259 1.54800010 0.000000
0.32291028 -0.29838264 1.56100011 0.000000
0.32325280 -0.26461160 1.56200004 0.000000
0.32595974 -0.26253089 1.57500005 0.000000
0.36887953 -0.54758632 1.76400006 0.000000
0.36805734 -0.54157746 1.76000011 0.000000
0.33525079 -0.27086273 1.59900010 0.000000
0.32730013 -0.26018089 1.56100011 0.000000
0.37217250 -0.55015898 1.75700009 0.000000
0.37536368 -0.55005556 1.77200007 0.000000
0.37537795 -0.54525554 1.77200007 0.000000
0.32962582 -0.25866443 1.55200005 0.000000
0.38317844 -0.55438739 1.78600013 0.000000
0.38469452 -0.55170286 1.79300010 0.000000
0.33190209 -0.25714815 1.54300010 0.000000
0.32352895 -0.24655853 1.50400007 0.000000
0.39172083 -0.55965024 1.80300009 0.000000
0.39390767 -0.55784231 1.81300008 0.000000
0.33957434 -0.25979814 1.55900002 0.000000
0.39683583 -0.55994678 1.80400014 0.000000
0.34645075 -0.26178125 1.57100010 0.000000
0.34205654 -0.25423092 1.55100012 0.000000
0.40172005 -0.56482148 1.80400014 0.000000
0.40062001 -0.55838114 1.79900014 0.000000
0.35182899 -0.26259768 1.57600009 0.000000
0.34872010 -0.25601754 1.56200004 0.000000
0.40977332 -0.56919163 1.81800008 0.000000
0.40167201 -0.55309123 1.78200006 0.000000
0.40170661 -0.55133313 1.76100004 0.000000
0.40057865 -0.54500860 1.75600004 0.000000
0.40371758 -0.54756391 1.74900007 0.000000
0.40280658 -0.54158193 1.74500012 0.000000
0.36790851 -0.26055661 1.59000003 0.000000
0.36607403 -0.25494376 1.58200002 0.000000
0.41779557 -0.56492436 1.78900003 0.000000
0.41430438 -0.55537862 1.77400005 0.000000
0.37175167 -0.26021215 1.58800006 0.000000
0.37153423 -0.25573295 1.58700013 0.000000
0.42029020 -0.56175512 1.77900004 0.000000
0.42101055 -0.55787116 1.78200006 0.000000
0.37653071 -0.26052314 1.59000003 0.000000
0.37417912 -0.25458845 1.58000004 0.000000
0.36732742 -0.24569787 1.55100012 0.000000
0.36497492 -0.23992264 1.54100013 0.000000
0.36712229 -0.23710786 1.55000007 0.000000
0.39745644 -0.25212374 1.67800009 0.000000
0.42559820 -0.56237549 1.78100014 0.000000
0.42417562 -0.55566812 1.77500010 0.000000
0.37988293 -0.25985113 1.58600008 0.000000
0.37702516 -0.25360531 1.57400012 0.000000
0.37081331 -0.24520665 1.54800010 0.000000
0.37058967 -0.24084099 1.54700005 0.000000
0.37180319 -0.23739807 1.55200005 0.000000
0.38499543 -0.24143969 1.60700011 0.000000
0.42729175 -0.55825967 1.76800013 0.000000
0.38778165 -0.27099663 1.60100007 0.000000
0.37883636 -0.26048225 1.56400013 0.000000
0.38175958 -0.25819620 1.57600009 0.000000
0.38395619 -0.25536114 1.58500004 0.000000
0.37694722 -0.24645780 1.55600011 0.000000
0.37623641 -0.24175921 1.55300009 0.000000
0.37746358 -0.23830009 1.55800009 0.000000
0.38450551 -0.23841892 1.58700013 0.000000
0.43258074 -0.55888057 1.77000010 0.000000
0.38713744 -0.28907600 1.58100009 0.000000
0.39107269 -0.28766263 1.59700012 0.000000
0.38940975 -0.27343947 1.59000003 0.000000
0.38477314 -0.26590195 1.57100010 0.000000
0.38405493 -0.26113191 1.56800008 0.000000
0.38114822 -0.25067276 1.55600011 0.000000
0.38434884 -0.24850076 1.56900012 0.000000
0.38191512 -0.24267735 1.55900002 0.000000
0.38340083 -0.23935494 1.56500006 0.000000
0.38880646 -0.23840305 1.58700013 0.000000
0.40303254 -0.24264108 1.64500010 0.000000
0.43688247 -0.56303453 1.76800013 0.000000
0.43936336 -0.56139636 1.77800012 0.000000
0.37773883 -0.29558259 1.52600002 0.000000
0.38769159 -0.29057053 1.56600010 0.000000
0.38944164 -0.28759620 1.57300007 0.000000
0.39391521 -0.28656465 1.59100008 0.000000
0.39541796 -0.28330612 1.59700012 0.000000
0.39617792 -0.27949047 1.60000002 0.000000
0.39644256 -0.27531418 1.60100007 0.000000
0.39031813 -0.25387847 1.57600009 0.000000
0.38835296 -0.24832629 1.56800008 0.000000
0.38688287 -0.24312840 1.56200004 0.000000
0.38838485 -0.23979795 1.56800008 0.000000
0.39533627 -0.23973911 1.59600008 0.000000
0.40204039 -0.23937997 1.62300003 0.000000
0.44568029 -0.56812036 1.78400004 0.000000
0.44643933 -0.56422812 1.78700006 0.000000
0.39463705 -0.30544394 1.57700002 0.000000
0.39039984 -0.29791465 1.56000006 0.000000
0.39345402 -0.28739637 1.57200003 0.000000
0.39522311 -0.28438628 1.57900012 0.000000
0.39974558 -0.28328899 1.59700012 0.000000
0.40126452 -0.27999741 1.60300004 0.000000
0.39183438 -0.25209033 1.56500006 0.000000
0.39210081 -0.24799348 1.56600010 0.000000
0.40540394 -0.24758121 1.61900008 0.000000
0.40266556 -0.24152562 1.60800004 0.000000
0.40869170 -0.24069130 1.63200009 0.000000
0.43662667 -0.55528778 1.72900009 0.000000
0.41739997 -0.24766754 1.64900005 0.000000
0.45919779 -0.57287914 1.79900014 0.000000
0.46382511 -0.57255226 1.79800010 0.000000
0.46557227 -0.57357049 1.78600013 0.000000
0.47340021 -0.57827610 1.81600010 0.000000
0.46910617 -0.57195783 1.78100014 0.000000
0.47313938 -0.57581532 1.77800012 0.000000
0.47128257 -0.56873989 1.77100003 0.000000
0.47663093 -0.56937617 1.77300012 0.000000
0.48872375 -0.58193654 1.78200006 0.000000
0.48927620 -0.57774347 1.78400004 0.000000
0.49273542 -0.58095354 1.77900004 0.000000
0.49163091 -0.57482493 1.77500010 0.000000
0.49561238 -0.57866478 1.77200007 0.000000
0.50353509 -0.58225483 1.78300011 0.000000
0.50325495 -0.57708549 1.78200006 0.000000
0.50638473 -0.58479494 1.77600014 0.000000
0.50923705 -0.58323270 1.78600013 0.000000
0.51553106 -0.58973378 1.79100013 0.000000
0.51092595 -0.57963955 1.77500010 0.000000
0.50891215 -0.57254767 1.76800013 0.000000
0.51197463 -0.58018494 1.76200008 0.000000
0.51255554 -0.57604694 1.76400006 0.000000
0.51517236 -0.56934625 1.77300012 0.000000
0.52938133 -0.60416478 1.80500007 0.000000
0.51911408 -0.58763438 1.77000010 0.000000
0.51441997 -0.57755154 1.75400007 0.000000
0.52996367 -0.58026308 1.80700004 0.000000
0.52321935 -0.56802797 1.78400004 0.000000
0.52087504 -0.56065387 1.77600014 0.000000
0.51824492 -0.54340911 1.76700008 0.000000
0.52880782 -0.54958236 1.80300009 0.000000
0.52265364 -0.53834093 1.78200006 0.000000
0.52236599 -0.53320175 1.78100014 0.000000
0.52325189 -0.52925509 1.78400004 0.000000
0.52355194 -0.52470469 1.78500009 0.000000
0.52334785 -0.60140717 1.76800013 0.000000
0.52659947 -0.60030657 1.77900004 0.000000
0.52629977 -0.59513044 1.77800012 0.000000
0.52215272 -0.58564460 1.76400006 0.000000
0.52007842 -0.57854086 1.75700009 0.000000
0.52155703 -0.57539481 1.76200008 0.000000
0.52866095 -0.56866348 1.78600013 0.000000
0.52481425 -0.55970484 1.77300012 0.000000
0.52481616 -0.55488610 1.77300012 0.000000
0.52363467 -0.54882699 1.76900005 0.000000
0.52689397 -0.54740322 1.78000009 0.000000
0.52719384 -0.54287207 1.78100014 0.000000
0.52927029 -0.54014850 1.78800011 0.000000
0.52897930 -0.53499240 1.78700006 0.000000
0.52809685 -0.52924901 1.78400004 0.000000
0.52662289 -0.52293432 1.77900004 0.000000
0.53580624 -0.52713168 1.81000006 0.000000
0.52697092 -0.60485518 1.76400006 0.000000
0.52815980 -0.60141242 1.76800013 0.000000
0.53651911 -0.60604763 1.79600012 0.000000
0.52456188 -0.58299154 1.75600004 0.000000
0.52515650 -0.57887238 1.75800014 0.000000
0.53023052 -0.56516039 1.77500010 0.000000
0.52963376 -0.55970353 1.77300012 0.000000
0.52784276 -0.55300635 1.76700008 0.000000
0.52993578 -0.55037564 1.77400005 0.000000
0.53173083 -0.54739994 1.78000009 0.000000
0.53173399 -0.54256332 1.78000009 0.000000
0.53203660 -0.53802949 1.78100014 0.000000
0.53293717 -0.53408933 1.78400004 0.000000
0.53055239 -0.52687019 1.77600014 0.000000
0.52816796 -0.51969486 1.76800013 0.000000
0.53388363 -0.60726225 1.77100003 0.000000
0.53628850 -0.60516024 1.77900004 0.000000
0.53386146 -0.58797508 1.77100003 0.000000
0.53174776 -0.58085084 1.76400006 0.000000
0.53867602 -0.57870108 1.78700006 0.000000
0.53475595 -0.56966621 1.77400005 0.000000
0.54169261 -0.55262524 1.79700005 0.000000
0.53837943 -0.54438901 1.78600013 0.000000
0.53416628 -0.53049242 1.77200007 0.000000
0.53145760 -0.52300864 1.76300013 0.000000
0.52573490 -0.51263469 1.74400008 0.000000
0.54658926 -0.59661156 1.79700005 0.000000
0.54415154 -0.58908641 1.78900003 0.000000
0.53258973 -0.57180887 1.75100005 0.000000
0.54323274 -0.57837939 1.78600013 0.000000
0.55083472 -0.58154905 1.81100011 0.000000
0.54963881 -0.59462464 1.79100013 0.000000
0.55142468 -0.59616029 1.78100014 0.000000
0.55110848 -0.59097838 1.78000009 0.000000
0.48902789 -0.26671651 1.57800007 0.000000
0.48904124 -0.26242885 1.57800007 0.000000
0.48781493 -0.25748661 1.57400012 0.000000
0.55096459 -0.59047717 1.76400006 0.000000
0.55189431 -0.58666873 1.76700008 0.000000
0.49299863 -0.26224929 1.57700002 0.000000
0.49207389 -0.25747341 1.57400012 0.000000
0.49427536 -0.25432217 1.58100009 0.000000
0.47746786 -0.22073331 1.52700007 0.000000
0.56017983 -0.59517169 1.77800012 0.000000
0.55607593 -0.58601201 1.76500010 0.000000
0.49792239 -0.25398752 1.57900012 0.000000
0.50047088 -0.24664856 1.58700013 0.000000
0.50079894 -0.24248795 1.58800006 0.000000
0.49608111 -0.23592201 1.57300007 0.000000
0.49388596 -0.23061542 1.56600010 0.000000
0.49358293 -0.22621392 1.56500006 0.000000
0.56344408 -0.59833866 1.77300012 0.000000
0.56248093 -0.59250271 1.77000010 0.000000
0.56247193 -0.58768022 1.77000010 0.000000
0.49845222 -0.22649075 1.56700003 0.000000
0.50772566 -0.21332619 1.59600008 0.000000
0.56090373 -0.59058738 1.75000012 0.000000
0.56249577 -0.58749127 1.75500011 0.000000
0.56408864 -0.58436888 1.76000011 0.000000
0.56407970 -0.57957393 1.76000011 0.000000
0.56663567 -0.57739252 1.76800013 0.000000
0.51302755 -0.20501961 1.59900010 0.000000
0.51016265 -0.19521791 1.59000003 0.000000
0.51017374 -0.19089368 1.59000003 0.000000
0.56406963 -0.59366965 1.74500012 0.000000
0.56438059 -0.58924878 1.74600005 0.000000
0.56598538 -0.58616275 1.75100005 0.000000
0.56791425 -0.58338249 1.75700009 0.000000
0.56693488 -0.57760692 1.75400007 0.000000
0.56660283 -0.57250184 1.75300014 0.000000
0.51735145 -0.20500818 1.59900010 0.000000
0.51218581 -0.19865222 1.58300006 0.000000
0.50637275 -0.19213751 1.56500006 0.000000
0.51350206 -0.19052258 1.58700013 0.000000
0.56655985 -0.59604251 1.73800004 0.000000
0.56687182 -0.59164149 1.73900008 0.000000
0.57174832 -0.59196103 1.75400007 0.000000
0.57075810 -0.58617413 1.75100005 0.000000
0.56976885 -0.58040464 1.74800003 0.000000
0.56552112 -0.57135969 1.73500013 0.000000
0.56257802 -0.56369275 1.72600007 0.000000
0.57396340 -0.60833299 1.74600005 0.000000
0.56868696 -0.59803551 1.73000014 0.000000
0.56374049 -0.58816946 1.71500003 0.000000
0.56898499 -0.58893365 1.73100007 0.000000
0.57258677 -0.58792424 1.74200010 0.000000
0.57388842 -0.58451253 1.74600005 0.000000
0.57289016 -0.57875586 1.74300003 0.000000
0.57057816 -0.57169938 1.73600006 0.000000
0.57253969 -0.56892771 1.74200010 0.000000
0.56512195 -0.58940989 1.70500004 0.000000
0.56542128 -0.58044255 1.70600009 0.000000
0.57700652 -0.58760071 1.74100006 0.000000
0.57467258 -0.58050829 1.73400009 0.000000
0.57565379 -0.57677567 1.73700011 0.000000
0.57928699 -0.57566249 1.74800003 0.000000
0.58789194 -0.57938939 1.77400005 0.000000
0.59285212 -0.57941300 1.78900003 0.000000
0.60311508 -0.58449423 1.82000005 0.000000
0.58344275 -0.59406793 1.74600005 0.000000
0.59377033 -0.59491807 1.77700007 0.000000
0.58774161 -0.58409405 1.75900006 0.000000
0.58739430 -0.57896811 1.75800014 0.000000
0.59205961 -0.57874769 1.77200007 0.000000
0.60240561 -0.58395803 1.80300009 0.000000
0.58085239 -0.60072386 1.72400010 0.000000
0.57645297 -0.59152001 1.71100008 0.000000
0.56565368 -0.57587177 1.67900014 0.000000
0.57405877 -0.57979417 1.70400012 0.000000
0.58650678 -0.58763140 1.74100006 0.000000
0.59117812 -0.57799327 1.75500011 0.000000
0.59385961 -0.57582057 1.76300013 0.000000
0.59351045 -0.57069039 1.76200008 0.000000
0.58388531 -0.60370052 1.71900010 0.000000
0.58080679 -0.59586596 1.71000004 0.000000
0.57297456 -0.58324206 1.68700004 0.000000
0.57227618 -0.57794791 1.68500006 0.000000
0.58176732 -0.58287388 1.71300006 0.000000
0.59261727 -0.58899838 1.74500012 0.000000
0.60652405 -0.59796274 1.78600013 0.000000
0.57283324 -0.58756775 1.67300010 0.000000
0.58856088 -0.59902376 1.71900010 0.000000
0.60936332 -0.60083032 1.78000009 0.000000
0.60489488 -0.59161848 1.76700008 0.000000
0.59837371 -0.58048636 1.74800003 0.000000
0.56291151 -0.57283950 1.63100004 0.000000
0.55840248 -0.56384933 1.61800003 0.000000
-0.97960967 -0.59658712 1.76400006 1.000000
-0.97684544 -0.56107533 1.76100004 1.000000
-0.97507048 -0.56284034 1.76700008 1.000000
-0.96997482 -0.56269652 1.76700008 1.000000
-0.96695107 -0.55127949 1.76200008 1.000000
-0.95997190 -0.55969024 1.75800014 1.000000
-0.95655853 -0.55289656 1.75200009 1.000000
-0.96625012 -0.55364621 1.77000010 1.000000
-0.97045642 -0.59804624 1.78500009 1.000000
-0.96863556 -0.57248044 1.78300011 1.000000
-0.95383036 -0.55891627 1.75600004 1.000000
-0.95369565 -0.55402398 1.75600004 1.000000
-0.96279502 -0.55445075 1.77300012 1.000000
-0.96585411 -0.59822935 1.78600013 1.000000
-0.95540708 -0.56752646 1.76800013 1.000000
-0.94662684 -0.55750895 1.75200009 1.000000
-0.94865620 -0.55389196 1.75600004 1.000000
-0.95878965 -0.55494505 1.77500010 1.000000
-0.96179134 -0.59875017 1.78800011 1.000000
-0.93837786 -0.57460582 1.74500012 1.000000
-0.95409709 -0.56963795 1.77500010 1.000000
-0.94697732 -0.56055892 1.76200008 1.000000
-0.95007193 -0.55754679 1.76800013 1.000000
-0.96230191 -0.55981767 1.79100013 1.000000
-0.95328850 -0.57207185 1.78300011 1.000000
-0.94781196 -0.56392813 1.77300012 1.000000
-0.94821870 -0.55931085 1.77400005 1.000000
-0.94738615 -0.58121842 1.78100014 1.000000
-0.95948637 -0.58369946 1.80400014 1.000000
-0.94712317 -0.57129973 1.78100014 1.000000
-0.94220966 -0.56348258 1.77200007 1.000000
-0.94102132 -0.55792469 1.77000010 1.000000
-0.95631456 -0.56206596 1.79900014 1.000000
-0.94334942 -0.58173847 1.78300011 1.000000
-0.95009637 -0.58097976 1.79600012 1.000000
-0.92986822 -0.56379575 1.75800014 1.000000
-0.92339808 -0.55509174 1.74600005 1.000000
-0.93173832 -0.55528110 1.76200008 1.000000
-0.93772924 -0.58128232 1.78200006 1.000000
-0.93128806 -0.57244253 1.77000010 1.000000
-0.91538149 -0.55790085 1.74000013 1.000000
-0.91736573 -0.55433559 1.74400008 1.000000
-0.92461109 -0.55390143 1.75800014 1.000000
-0.92938012 -0.57425863 1.77600014 1.000000
-0.91303802 -0.55938399 1.74500012 1.000000
-0.91344351 -0.55485332 1.74600005 1.000000
-0.93111330 -0.56071502 1.78000009 1.000000
-0.90218186 -0.56987470 1.73300004 1.000000
-0.90650922 -0.55830503 1.74200010 1.000000
-0.91003650 -0.55569112 1.74900007 1.000000
-0.93229413 -0.56437892 1.79200006 1.000000
-0.91134828 -0.58352691 1.76000011 1.000000
-0.92133969 -0.57531041 1.78000009 1.000000
-0.90517890 -0.56043327 1.74900007 1.000000
-0.90765339 -0.55716634 1.75400007 1.000000
-0.88459426 -0.56470531 1.71800005 1.000000
-0.91988558 -0.57745552 1.78700006 1.000000
-0.90278542 -0.56192237 1.75400007 1.000000
-0.90730637 -0.55991375 1.76300013 1.000000
-0.91492873 -0.58230215 1.78700006 1.000000
-0.90764719 -0.57281756 1.77300012 1.000000
-0.89627445 -0.56085074 1.75100005 1.000000
-0.89974886 -0.55821693 1.75800014 1.000000
-0.87342322 -0.56825733 1.71500003 1.000000
-0.90069592 -0.57632339 1.76900005 1.000000
-0.89345765 -0.56689179 1.75500011 1.000000
-0.88927728 -0.55946177 1.74700010 1.000000
-0.89375246 -0.55747557 1.75600004 1.000000
-0.86693144 -0.56239766 1.71200013 1.000000
-0.87897599 -0.56546348 1.73600006 1.000000
-0.88696963 -0.56581503 1.75200009 1.000000
-0.88787645 -0.56159765 1.75400007 1.000000
-0.89485872 -0.56118059 1.76800013 1.000000
-0.86118424 -0.56638026 1.71000004 1.000000
-0.87809151 -0.56796235 1.74400008 1.000000
-0.88151097 -0.56538671 1.75100005 1.000000
-0.88191116 -0.56085396 1.75200009 1.000000
-0.89539945 -0.56456912 1.77900004 1.000000
-0.85534465 -0.56561136 1.70800006 1.000000
-0.87316209 -0.56785774 1.74400008 1.000000
-0.87305969 -0.56302392 1.74400008 1.000000
-0.87295932 -0.55819237 1.74400008 1.000000
-0.84842396 -0.55945706 1.70400012 1.000000
-0.85778314 -0.56091893 1.72300005 1.000000
-0.86166656 -0.55872750 1.73100007 1.000000
-0.86455554 -0.55585402 1.73700011 1.000000
-0.84747815 -0.55723983 1.71200013 1.000000
-0.85579652 -0.55798483 1.72900009 1.000000
-0.86312515 -0.55799800 1.74400008 1.000000
-0.84324241 -0.56221390 1.71300006 1.000000
-0.84462321 -0.55844569 1.71600008 1.000000
-0.85289574 -0.55918056 1.73300004 1.000000
-0.86067611 -0.55950361 1.74900007 1.000000
-0.84233409 -0.56474340 1.72100008 1.000000
-0.84615523 -0.56258166 1.72900009 1.000000
-0.85046667 -0.56070065 1.73800004 1.000000
-0.85771465 -0.56069106 1.75300014 1.000000
-0.83554614 -0.56333715 1.71700013 1.000000
-0.84080678 -0.56216389 1.72800004 1.000000
-0.84412217 -0.55964190 1.73500013 1.000000
-0.85133028 -0.55964172 1.75000012 1.000000
-0.83507502 -0.56619799 1.72600007 1.000000
-0.83401752 -0.56077260 1.72400010 1.000000
-0.83876663 -0.55923069 1.73400009 1.000000
-0.84835321 -0.56083298 1.75400007 1.000000
-0.82445687 -0.56217229 1.71400011 1.000000
-0.82388854 -0.55710721 1.71300006 1.000000
-0.83149785 -0.55753177 1.72900009 1.000000
-0.84199232 -0.55978811 1.75100005 1.000000
-0.82634383 -0.56667626 1.72800004 1.000000
-0.81956375 -0.55734712 1.71400011 1.000000
-0.82521766 -0.55648023 1.72600007 1.000000
-0.83565277 -0.55874562 1.74800003 1.000000
-0.82673067 -0.57019728 1.73900008 1.000000
-0.81904060 -0.56018996 1.72300005 1.000000
-0.82228595 -0.55768758 1.73000014 1.000000
-0.81949860 -0.56847388 1.73400009 1.000000
-0.81421834 -0.56010824 1.72300005 1.000000
-0.81555611 -0.55631804 1.72600007 1.000000
-0.80705166 -0.55840343 1.71800005 1.000000
-0.81120151 -0.55656219 1.72700012 1.000000
-0.80365270 -0.55930090 1.72100008 1.000000
-0.80357701 -0.55455261 1.72100008 1.000000
-0.79985255 -0.56462932 1.72300005 1.000000
-0.80070531 -0.56052500 1.72500002 1.000000
-0.80295199 -0.55737823 1.73000014 1.000000
-0.79681695 -0.56110090 1.72700012 1.000000
-0.79582191 -0.55569500 1.72500002 1.000000
-0.79246259 -0.56135362 1.72800004 1.000000
-0.79422641 -0.55787933 1.73200011 1.000000
-0.78810650 -0.56160814 1.72900009 1.000000
-0.78530324 -0.55491191 1.72300005 1.000000
-0.79024953 -0.55367887 1.73400009 1.000000
-0.78653544 -0.56859660 1.73600006 1.000000
-0.78238946 -0.56089008 1.72700012 1.000000
-0.78096384 -0.55516726 1.72400010 1.000000
-0.78361648 -0.55233622 1.73000014 1.000000
-0.78260756 -0.56918299 1.73800004 1.000000
-0.77983910 -0.56244713 1.73200011 1.000000
-0.77887356 -0.55703425 1.73000014 1.000000
-0.78376192 -0.55578411 1.74100006 1.000000
-0.77374935 -0.56616914 1.72900009 1.000000
-0.77547455 -0.56270683 1.73300004 1.000000
-0.77988547 -0.56115609 1.74300003 1.000000
-0.76805818 -0.56544971 1.72700012 1.000000
-0.77155274 -0.56329292 1.73500013 1.000000
-0.77638233 -0.56205976 1.74600005 1.000000
-0.78966063 -0.56683201 1.77600014 1.000000
-0.76635891 -0.56767851 1.73400009 1.000000
-0.76629746 -0.56290668 1.73400009 1.000000
-0.76977253 -0.56071168 1.74200010 1.000000
-0.77810907 -0.56198502 1.76100004 1.000000
-0.76242834 -0.56827182 1.73600006 1.000000
-0.76061183 -0.56219763 1.73200011 1.000000
-0.76231009 -0.55872202 1.73600006 1.000000
-0.77059585 -0.56001264 1.75500011 1.000000
-0.75456220 -0.56592095 1.72900009 1.000000
-0.75494069 -0.56149042 1.73000014 1.000000
-0.75662965 -0.55802166 1.73400009 1.000000
-0.76268286 -0.55772322 1.74800003 1.000000
-0.74933994 -0.56553584 1.72800004 1.000000
-0.75015098 -0.56143403 1.73000014 1.000000
-0.75356472 -0.55925363 1.73800004 1.000000
-0.74455720 -0.56547976 1.72800004 1.000000
-0.74665689 -0.56235278 1.73300004 1.000000
-0.74875766 -0.55920011 1.73800004 1.000000
-0.74063390 -0.56607974 1.73000014 1.000000
-0.74143702 -0.56197512 1.73200011 1.000000
-0.74438173 -0.55946988 1.73900008 1.000000
-0.73372495 -0.56439084 1.72500002 1.000000
-0.73537505 -0.56095028 1.72900009 1.000000
-0.73745149 -0.55781102 1.73400009 1.000000
-0.72938216 -0.56466681 1.72600007 1.000000
-0.73102266 -0.56122470 1.73000014 1.000000
-0.73266429 -0.55776227 1.73400009 1.000000
-0.72209799 -0.56265450 1.72000003 1.000000
-0.72372913 -0.55923003 1.72400010 1.000000
-0.72662067 -0.55675018 1.73100007 1.000000
-0.71818620 -0.56326073 1.72200012 1.000000
-0.71897352 -0.55918324 1.72400010 1.000000
-0.71892828 -0.55445331 1.72400010 1.000000
-0.71343732 -0.56321418 1.72200012 1.000000
-0.71339226 -0.55848938 1.72200012 1.000000
-0.70338565 -0.56360704 1.70900011 1.000000
-0.70951432 -0.56382322 1.72400010 1.000000
-0.71029359 -0.55974281 1.72600007 1.000000
-0.71107411 -0.55565304 1.72800004 1.000000
-0.69785881 -0.56290299 1.70700014 1.000000
-0.70476520 -0.56377959 1.72400010 1.000000
-0.70635796 -0.56034893 1.72800004 1.000000
-0.70795190 -0.55689800 1.73200011 1.000000
-0.69803047 -0.56681675 1.71900010 1.000000
-0.70164287 -0.56504542 1.72800004 1.000000
-0.70160180 -0.56030792 1.72800004 1.000000
-0.70359212 -0.55717957 1.73300004 1.000000
-0.69894505 -0.57139081 1.73300004 1.000000
-0.69850087 -0.56631237 1.73200011 1.000000
-0.69805801 -0.56124103 1.73100007 1.000000
-0.69963259 -0.55778408 1.73500013 1.000000
-0.69337600 -0.57069057 1.73100007 1.000000
-0.69413763 -0.56659979 1.73300004 1.000000
-0.69369888 -0.56152695 1.73200011 1.000000
-0.69806719 -0.56031859 1.74300003 1.000000
-0.68427908 -0.57173967 1.72000003 1.000000
-0.68742257 -0.56966221 1.72800004 1.000000
-0.68778235 -0.56525391 1.72900009 1.000000
-0.68893874 -0.56148994 1.73200011 1.000000
-0.69248283 -0.55963969 1.74100006 1.000000
-0.68425333 -0.57094282 1.73200011 1.000000
-0.68421656 -0.56619781 1.73200011 1.000000
-0.68457597 -0.56177843 1.73300004 1.000000
-0.69046664 -0.56185508 1.74800003 1.000000
-0.68381053 -0.57453191 1.74300003 1.000000
-0.68142104 -0.56779671 1.73700011 1.000000
-0.68334812 -0.56466144 1.74200010 1.000000
-0.68645287 -0.56246442 1.75000012 1.000000
-0.67828053 -0.57860583 1.74100006 1.000000
-0.67785555 -0.57350755 1.74000013 1.000000
-0.67860031 -0.56939673 1.74200010 1.000000
-0.67895669 -0.56495225 1.74300003 1.000000
-0.66692430 -0.57292098 1.72400010 1.000000
-0.67424005 -0.57446200 1.74300003 1.000000
-0.67420703 -0.56969047 1.74300003 1.000000
-0.67688274 -0.56718910 1.75000012 1.000000
-0.66257709 -0.57321942 1.72500002 1.000000
-0.66600126 -0.57146299 1.73400009 1.000000
-0.66712177 -0.56769764 1.73700011 1.000000
-0.67016369 -0.56553775 1.74500012 1.000000
-0.66089600 -0.57584512 1.73300004 1.000000
-0.66238987 -0.57242006 1.73700011 1.000000
-0.66312206 -0.56832075 1.73900008 1.000000
-0.66728711 -0.56712866 1.75000012 1.000000
-0.65576541 -0.57548147 1.73200011 1.000000
-0.65535659 -0.57041246 1.73100007 1.000000
-0.65532744 -0.56567711 1.73100007 1.000000
-0.65908515 -0.56418377 1.74100006 1.000000
-0.65176988 -0.57611567 1.73400009 1.000000
-0.65098906 -0.57071292 1.73200011 1.000000
-0.65208864 -0.56695628 1.73500013 1.000000
-0.65469259 -0.56448078 1.74200010 1.000000
-0.64627266 -0.57542223 1.73200011 1.000000
-0.64512545 -0.56969655 1.72900009 1.000000
-0.64547187 -0.56529564 1.73000014 1.000000
-0.65104258 -0.56542695 1.74500012 1.000000
-0.64226991 -0.57605886 1.73400009 1.000000
-0.64076167 -0.56999934 1.73000014 1.000000
-0.64110643 -0.56559676 1.73100007 1.000000
-0.64811862 -0.56702220 1.75000012 1.000000
-0.63825774 -0.57669657 1.73600006 1.000000
-0.63602638 -0.56997389 1.73000014 1.000000
-0.63563430 -0.56491888 1.72900009 1.000000
-0.64296329 -0.56667453 1.74900007 1.000000
-0.63791138 -0.58543628 1.74800003 1.000000
-0.63241190 -0.57567447 1.73300004 1.000000
-0.63092786 -0.56962001 1.72900009 1.000000
-0.63163435 -0.56554890 1.73100007 1.000000
-0.63672042 -0.56535602 1.74500012 1.000000
-0.63385236 -0.58608055 1.75000012 1.000000
-0.62803280 -0.57598233 1.73400009 1.000000
-0.62619859 -0.56959671 1.72900009 1.000000
-0.62798715 -0.56650674 1.73400009 1.000000
-0.63593316 -0.56889826 1.75600004 1.000000
-0.62221199 -0.57496250 1.73100007 1.000000
-0.62147099 -0.56957459 1.72900009 1.000000
-0.62324697 -0.56648558 1.73400009 1.000000
-0.62861794 -0.56661004 1.74900007 1.000000
-0.61926293 -0.57660115 1.73600006 1.000000
-0.61531800 -0.56823581 1.72500002 1.000000
-0.61601132 -0.56417859 1.72700012 1.000000
-0.62098581 -0.56399906 1.74100006 1.000000
-0.63024110 -0.56759894 1.76700008 1.000000
-0.62586707 -0.59203774 1.76800013 1.000000
-0.61381012 -0.57591575 1.73400009 1.000000
-0.61166620 -0.56920397 1.72800004 1.000000
-0.61058527 -0.56350619 1.72500002 1.000000
-0.61729234 -0.56495267 1.74400008 1.000000
-0.61190242 -0.58331013 1.74200010 1.000000
-0.60977477 -0.57655990 1.73600006 1.000000
-0.60870200 -0.57083201 1.73300004 1.000000
-0.60903513 -0.56642812 1.73400009 1.000000
-0.61042285 -0.56299186 1.73800004 1.000000
-0.60189617 -0.57355195 1.72700012 1.000000
-0.60292369 -0.56982577 1.73000014 1.000000
-0.60464913 -0.56673765 1.73500013 1.000000
-0.61578470 -0.57236934 1.76700008 1.000000
-0.59579688 -0.57220554 1.72300005 1.000000
-0.59508842 -0.56684440 1.72100008 1.000000
-0.59645545 -0.56345510 1.72500002 1.000000
-0.59109312 -0.57218868 1.72300005 1.000000
-0.58730358 -0.56386423 1.71200013 1.000000
-0.58694559 -0.55886722 1.71100008 1.000000
-0.58673096 -0.57250476 1.72400010 1.000000
-0.58399332 -0.56516665 1.71600008 1.000000
-0.58397919 -0.56048626 1.71600008 1.000000
-0.58202690 -0.57248974 1.72400010 1.000000
-0.58235037 -0.56811672 1.72500002 1.000000
-0.58368754 -0.56471920 1.72900009 1.000000
-0.57732397 -0.57247561 1.72400010 1.000000
-0.57831544 -0.56876218 1.72700012 1.000000
-0.57997745 -0.56568664 1.73200011 1.000000
-0.57395095 -0.57379067 1.72800004 1.000000
-0.57526720 -0.57039648 1.73200011 1.000000
-0.57525575 -0.56567514 1.73200011 1.000000
-0.56923944 -0.57377833 1.72800004 1.000000
-0.57054567 -0.57038504 1.73200011 1.000000
-0.57218206 -0.56729746 1.73700011 1.000000
-0.56617397 -0.58015156 1.73300004 1.000000
-0.56322223 -0.57243872 1.72400010 1.000000
-0.56517178 -0.56971580 1.73000014 1.000000
-0.56777543 -0.56761426 1.73800004 1.000000
-0.56145000 -0.58014005 1.73300004 1.000000
-0.55949557 -0.57342428 1.72700012 1.000000
-0.56013376 -0.56937671 1.72900009 1.000000
-0.56271654 -0.56727880 1.73700011 1.000000
-0.56058216 -0.58414650 1.74500012 1.000000
-0.55511111 -0.57374650 1.72800004 1.000000
-0.55478096 -0.56870919 1.72700012 1.000000
-0.55766392 -0.56694400 1.73600006 1.000000
-0.55423486 -0.58246285 1.74000013 1.000000
-0.55135912 -0.57473361 1.73100007 1.000000
-0.55230653 -0.57100618 1.73400009 1.000000
-0.55548435 -0.56954932 1.74400008 1.000000
-0.54665250 -0.57944107 1.73100007 1.000000
-0.54538119 -0.57339740 1.72700012 1.000000
-0.54695278 -0.57034022 1.73200011 1.000000
-0.55041993 -0.56921613 1.74300003 1.000000
-0.54664236 -0.58921069 1.74600005 1.000000
-0.54193789 -0.57943290 1.73100007 1.000000
-0.54036510 -0.57305801 1.72600007 1.000000
-0.54223704 -0.57033366 1.73200011 1.000000
-0.54442263 -0.56790400 1.73900008 1.000000
-0.53691369 -0.57909071 1.73000014 1.000000
-0.53535533 -0.57271940 1.72500002 1.000000
-0.53659087 -0.56933999 1.72900009 1.000000
-0.53906864 -0.56724584 1.73700011 1.000000
-0.53066528 -0.57741040 1.72500002 1.000000
-0.52881366 -0.57072157 1.71900010 1.000000
-0.53034669 -0.56768847 1.72400010 1.000000
-0.53341860 -0.56626183 1.73400009 1.000000
-0.52535957 -0.57673508 1.72300005 1.000000
-0.52413481 -0.57071644 1.71900010 1.000000
-0.52565497 -0.56768411 1.72400010 1.000000
-0.52961510 -0.56723791 1.73700011 1.000000
-0.52732331 -0.58884460 1.74500012 1.000000
-0.52157640 -0.57773405 1.72600007 1.000000
-0.52096766 -0.57237214 1.72400010 1.000000
-0.52217269 -0.56899756 1.72800004 1.000000
-0.52488935 -0.56723493 1.73700011 1.000000
-0.50909764 -0.57365429 1.70000005 1.000000
-0.51538193 -0.57605606 1.72100008 1.000000
-0.51537824 -0.57137239 1.72100008 1.000000
-0.51747149 -0.56899464 1.72800004 1.000000
-0.51040232 -0.57571757 1.72000003 1.000000
-0.50980580 -0.57037336 1.71800005 1.000000
-0.51158398 -0.56767523 1.72400010 1.000000
-0.51660502 -0.59288007 1.75700009 1.000000
-0.50807512 -0.57839221 1.72800004 1.000000
-0.50601453 -0.57136703 1.72100008 1.000000
-0.50689495 -0.56767362 1.72400010 1.000000
-0.51532382 -0.60173994 1.76900005 1.000000
-0.51357275 -0.59490150 1.76300013 1.000000
-0.50308323 -0.57805514 1.72700012 1.000000
-0.50162494 -0.57169735 1.72200012 1.000000
-0.50191516 -0.56734329 1.72300005 1.000000
-0.50444806 -0.58983731 1.74800003 1.000000
-0.49752012 -0.57704914 1.72400010 1.000000
-0.49607608 -0.57070029 1.71900010 1.000000
-0.49751857 -0.56767225 1.72400010 1.000000
-0.49369034 -0.58274925 1.72700012 1.000000
-0.49083051 -0.57470495 1.71700013 1.000000
-0.48997235 -0.56903976 1.71400011 1.000000
-0.49168772 -0.56635529 1.72000003 1.000000
-0.49426135 -0.56461859 1.72900009 1.000000
-0.48842719 -0.58207309 1.72500002 1.000000
-0.48814350 -0.57704741 1.72400010 1.000000
-0.48757729 -0.57169592 1.72200012 1.000000
-0.48899373 -0.56866109 1.72700012 1.000000
-0.48276585 -0.55678260 1.70500004 1.000000
-0.48457763 -0.58308464 1.72800004 1.000000
-0.48345593 -0.57704741 1.72400010 1.000000
-0.48401740 -0.57302457 1.72600007 1.000000
-0.48738387 -0.57228446 1.73800004 1.000000
-0.50098771 -0.62344825 1.80400014 1.000000
-0.49376565 -0.60962641 1.77800012 1.000000
-0.48932141 -0.59934849 1.76200008 1.000000
-0.47987917 -0.58308464 1.72800004 1.000000
-0.47849116 -0.57671320 1.72300005 1.000000
-0.47960323 -0.57335782 1.72700012 1.000000
-0.48515928 -0.57524991 1.74700010 1.000000
-0.49443021 -0.61648291 1.79800010 1.000000
-0.48370537 -0.59832782 1.75900006 1.000000
-0.47408119 -0.58173537 1.72400010 1.000000
-0.47270727 -0.57537556 1.71900010 1.000000
-0.47380894 -0.57203156 1.72300005 1.000000
-0.48343611 -0.57887447 1.75800014 1.000000
-0.50378877 -0.59826374 1.83200014 1.000000
-0.46857759 -0.58072412 1.72100008 1.000000
-0.46776238 -0.57504249 1.71800005 1.000000
-0.46967056 -0.57269800 1.72500002 1.000000
-0.47838631 -0.57854825 1.75700009 1.000000
-0.46201250 -0.57836360 1.71400011 1.000000
-0.46282330 -0.57470995 1.71700013 1.000000
-0.46471301 -0.57236886 1.72400010 1.000000
-0.45815429 -0.57937801 1.71700013 1.000000
-0.45869058 -0.57538217 1.71900010 1.000000
-0.46082857 -0.57336825 1.72700012 1.000000
-0.45612639 -0.58744752 1.72700012 1.000000
-0.45243120 -0.57803077 1.71300006 1.000000
-0.45349088 -0.57471597 1.71700013 1.000000
-0.45534346 -0.57237607 1.72400010 1.000000
-0.46036613 -0.57395029 1.74300003 1.000000
-0.44594315 -0.58030665 1.70600009 1.000000
-0.44673032 -0.57668412 1.70900011 1.000000
-0.44804087 -0.57371545 1.71400011 1.000000
-0.44961345 -0.57105231 1.72000003 1.000000
-0.45249376 -0.57000375 1.73100007 1.000000
-0.43897858 -0.57724810 1.69700003 1.000000
-0.44105136 -0.57533777 1.70500004 1.000000
-0.44209018 -0.57204598 1.70900011 1.000000
-0.44390568 -0.56972903 1.71600008 1.000000
-0.44468695 -0.56605762 1.71900010 1.000000
-0.45607528 -0.57576030 1.76300013 1.000000
-0.45452967 -0.56903136 1.75700009 1.000000
-0.43589932 -0.58391857 1.70300007 1.000000
-0.43692642 -0.58065301 1.70700014 1.000000
-0.43821016 -0.57770395 1.71200013 1.000000
-0.43795872 -0.57271999 1.71100008 1.000000
-0.43873170 -0.56907022 1.71400011 1.000000
-0.44718447 -0.57528371 1.74700010 1.000000
-0.45615003 -0.58197188 1.78200006 1.000000
-0.45206138 -0.57195324 1.76600003 1.000000
-0.43202242 -0.60349351 1.70600009 1.000000
-0.43658182 -0.60517490 1.72400010 1.000000
-0.43531746 -0.59874827 1.71900010 1.000000
-0.43202779 -0.58958495 1.70600009 1.000000
-0.43405679 -0.58769339 1.71400011 1.000000
-0.43456700 -0.58371830 1.71600008 1.000000
-0.43431810 -0.57872063 1.71500003 1.000000
-0.43432304 -0.57406390 1.71500003 1.000000
-0.43635461 -0.57206392 1.72300005 1.000000
-0.44017354 -0.56289220 1.73800004 1.000000
-0.43289754 -0.60658079 1.72800004 1.000000
-0.42939252 -0.59700906 1.71400011 1.000000
-0.42739123 -0.58958793 1.70600009 1.000000
-0.42939901 -0.58769709 1.71400011 1.000000
-0.42915261 -0.58270210 1.71300006 1.000000
-0.42865631 -0.57737571 1.71100008 1.000000
-0.42891219 -0.57306522 1.71200013 1.000000
-0.43167394 -0.57206994 1.72300005 1.000000
-0.42770290 -0.61057097 1.72600007 1.000000
-0.42770496 -0.60588086 1.72600007 1.000000
-0.42522970 -0.59770846 1.71600008 1.000000
-0.42325059 -0.59028256 1.70800006 1.000000
-0.42325455 -0.58564383 1.70800006 1.000000
-0.42350692 -0.58134604 1.70900011 1.000000
-0.42326427 -0.57636857 1.70800006 1.000000
-0.42327002 -0.57173204 1.70800006 1.000000
-0.43071091 -0.57705677 1.73800004 1.000000
-0.41786453 -0.60314417 1.70500004 1.000000
-0.42007279 -0.60167110 1.71400011 1.000000
-0.41860539 -0.59492522 1.70800006 1.000000
-0.41444269 -0.58441114 1.69100010 1.000000
-0.41665286 -0.58290523 1.70000005 1.000000
-0.41886362 -0.58135110 1.70900011 1.000000
-0.41960445 -0.57772410 1.71200013 1.000000
-0.41936550 -0.57274246 1.71100008 1.000000
-0.42133299 -0.57075506 1.71900010 1.000000
-0.43800756 -0.58848381 1.78700006 1.000000
-0.41177607 -0.60102403 1.69900012 1.000000
-0.41492975 -0.60097212 1.71200013 1.000000
-0.41517562 -0.59667045 1.71300006 1.000000
-0.41324088 -0.58925390 1.70500004 1.000000
-0.41445747 -0.58633894 1.71000004 1.000000
-0.41567469 -0.58339757 1.71500003 1.000000
-0.41640779 -0.57975483 1.71800005 1.000000
-0.41447526 -0.57241428 1.71000004 1.000000
-0.41569424 -0.56943417 1.71500003 1.000000
-0.41836813 -0.56840336 1.72600007 1.000000
-0.41027701 -0.60097551 1.71200013 1.000000
-0.41147926 -0.59806788 1.71700013 1.000000
-0.41148382 -0.59340578 1.71700013 1.000000
-0.40957177 -0.58600134 1.70900011 1.000000
-0.40981713 -0.58170253 1.71000004 1.000000
-0.41006312 -0.57739908 1.71100008 1.000000
-0.41007000 -0.57275599 1.71100008 1.000000
-0.41151541 -0.57010573 1.71700013 1.000000
-0.41272169 -0.56709421 1.72200012 1.000000
-0.41632539 -0.56732213 1.73700011 1.000000
-0.41873130 -0.56584960 1.74700010 1.000000
-0.41658369 -0.55822080 1.73800004 1.000000
-0.41947010 -0.55732930 1.75000012 1.000000
-0.42858937 -0.56458277 1.78800011 1.000000
-0.41203114 -0.60101432 1.73900008 1.000000
-0.40800881 -0.59046459 1.72200012 1.000000
-0.40517160 -0.58170873 1.71000004 1.000000
-0.40423048 -0.57571846 1.70600009 1.000000
-0.40826580 -0.57678032 1.72300005 1.000000
-0.41135404 -0.57642233 1.73600006 1.000000
-0.40994066 -0.56973726 1.73000014 1.000000
-0.40947554 -0.56439149 1.72800004 1.000000
-0.41517219 -0.56747872 1.75200009 1.000000
-0.41494510 -0.56240624 1.75100005 1.000000
-0.42040607 -0.56498325 1.77400005 1.000000
-0.40871158 -0.60309345 1.74500012 1.000000
-0.40379894 -0.59115648 1.72400010 1.000000
-0.40122896 -0.58273590 1.71300006 1.000000
-0.40053323 -0.57707542 1.71000004 1.000000
-0.40030655 -0.57210141 1.70900011 1.000000
-0.41132382 -0.58307153 1.75600004 1.000000
-0.42119035 -0.58238834 1.79800010 1.000000
-0.41393876 -0.56755579 1.76700008 1.000000
-0.41091561 -0.61346781 1.77500010 1.000000
-0.39795780 -0.58944827 1.71900010 1.000000
-0.39680707 -0.58308297 1.71400011 1.000000
-0.39565679 -0.57674539 1.70900011 1.000000
-0.39682221 -0.57378316 1.71400011 1.000000
-0.39785695 -0.60103184 1.73900008 1.000000
-0.39260149 -0.58842623 1.71600008 1.000000
-0.39100704 -0.58138919 1.70900011 1.000000
-0.39032826 -0.57574069 1.70600009 1.000000
-0.39033636 -0.57111329 1.70600009 1.000000
-0.39041972 -0.59689099 1.72700012 1.000000
-0.38680950 -0.58671874 1.71100008 1.000000
-0.38681689 -0.58207715 1.71100008 1.000000
-0.38546830 -0.57541120 1.70500004 1.000000
-0.38773757 -0.57413471 1.71500003 1.000000
-0.38595125 -0.59724331 1.72800004 1.000000
-0.38305491 -0.58809763 1.71500003 1.000000
-0.38239253 -0.58242512 1.71200013 1.000000
-0.38128391 -0.57609451 1.70700014 1.000000
-0.38352633 -0.57481319 1.71700013 1.000000
-0.37663099 -0.58536190 1.70700014 1.000000
-0.37708023 -0.58141267 1.70900011 1.000000
-0.37664741 -0.57610309 1.70700014 1.000000
-0.37394756 -0.59311032 1.71600008 1.000000
-0.37090436 -0.58365506 1.70200002 1.000000
-0.37113050 -0.57937968 1.70300007 1.000000
-0.37135711 -0.57509935 1.70400012 1.000000
-0.36864027 -0.59208101 1.71300006 1.000000
-0.36692658 -0.58469194 1.70500004 1.000000
-0.36758068 -0.58108932 1.70800006 1.000000
-0.36737448 -0.57612097 1.70700014 1.000000
-0.35739973 -0.58137387 1.68200004 1.000000
-0.36378253 -0.58710086 1.71200013 1.000000
-0.36400375 -0.58279932 1.71300006 1.000000
-0.36380047 -0.57781780 1.71200013 1.000000
-0.36059189 -0.59417087 1.71900010 1.000000
-0.36039063 -0.58916712 1.71800005 1.000000
-0.36081919 -0.58518994 1.72000003 1.000000
-0.35956997 -0.57850236 1.71400011 1.000000
-0.35530975 -0.58849001 1.71600008 1.000000
-0.35531896 -0.58383834 1.71600008 1.000000
-0.35387912 -0.57682455 1.70900011 1.000000
-0.36486411 -0.58993787 1.76200008 1.000000
-0.35023075 -0.59245962 1.71400011 1.000000
-0.34921798 -0.58609855 1.70900011 1.000000
-0.34963602 -0.58214670 1.71100008 1.000000
-0.34862411 -0.57582194 1.70600009 1.000000
-0.34434283 -0.56416768 1.68500006 1.000000
-0.34234869 -0.58693773 1.69800007 1.000000
-0.34316418 -0.58370703 1.70200002 1.000000
-0.34418187 -0.58079547 1.70700014 1.000000
-0.34459513 -0.57684469 1.70900011 1.000000
-0.34722692 -0.57656658 1.72200012 1.000000
-0.33893865 -0.58440238 1.70400012 1.000000
-0.34034070 -0.58216631 1.71100008 1.000000
-0.34134549 -0.57921773 1.71600008 1.000000
-0.33627161 -0.58784157 1.71400011 1.000000
-0.33628157 -0.58319712 1.71400011 1.000000
-0.33629191 -0.57855314 1.71400011 1.000000
-0.33084157 -0.58647943 1.71000004 1.000000
-0.33123860 -0.58252686 1.71200013 1.000000
-0.33105555 -0.57755107 1.71100008 1.000000
-0.32524249 -0.58477449 1.70500004 1.000000
-0.32563415 -0.58083582 1.70700014 1.000000
-0.32621706 -0.57722431 1.71000004 1.000000
-0.31985849 -0.58341259 1.70100009 1.000000
-0.31968069 -0.57846433 1.70000005 1.000000
-0.32044357 -0.57520980 1.70400012 1.000000
-0.32101884 -0.57159913 1.70700014 1.000000
-0.31819254 -0.59356189 1.71700013 1.000000
-0.31542271 -0.58376569 1.70200002 1.000000
-0.31413582 -0.57677346 1.69500005 1.000000
-0.31451720 -0.57285768 1.69700003 1.000000
-0.31452838 -0.56826180 1.69700003 1.000000
-0.31917366 -0.57197016 1.72200012 1.000000
-0.30933800 -0.58103198 1.69400012 1.000000
-0.30861798 -0.57508266 1.69000006 1.000000
-0.30899402 -0.57118088 1.69200003 1.000000
-0.30955309 -0.56760347 1.69500005 1.000000
-0.31230423 -0.56799608 1.71000004 1.000000
-0.30812773 -0.55122107 1.68700004 1.000000
-0.30617490 -0.58378625 1.70200002 1.000000
-0.30546591 -0.57781565 1.69800007 1.000000
-0.30529693 -0.57287979 1.69700003 1.000000
-0.30279103 -0.58619779 1.70900011 1.000000
-0.30209300 -0.58020848 1.70500004 1.000000
-0.30228126 -0.57592928 1.70600009 1.000000
-0.30317867 -0.57298452 1.71100008 1.000000
-0.28688806 -0.53779203 1.61900008 1.000000
-0.29640320 -0.58277822 1.69900012 1.000000
-0.29693729 -0.57919854 1.70200002 1.000000
-0.29712290 -0.57492781 1.70300007 1.000000
-0.29695991 -0.56998223 1.70200002 1.000000
-0.29110005 -0.58141667 1.69500005 1.000000
-0.29196954 -0.57852888 1.70000005 1.000000
-0.29249597 -0.57493913 1.70300007 1.000000
-0.29250747 -0.57032883 1.70300007 1.000000
-0.28801578 -0.58451456 1.70400012 1.000000
-0.28785762 -0.57956082 1.70300007 1.000000
-0.28854501 -0.57630098 1.70700014 1.000000
-0.29126129 -0.57703859 1.72300005 1.000000
-0.28819782 -0.59916502 1.73300004 1.000000
-0.28471616 -0.58726948 1.71200013 1.000000
-0.28422818 -0.58161390 1.70900011 1.000000
-0.28440580 -0.57732522 1.71000004 1.000000
-0.28491643 -0.57370138 1.71300006 1.000000
-0.27611741 -0.58818728 1.68800008 1.000000
-0.27956280 -0.59087777 1.70900011 1.000000
-0.28006423 -0.58728033 1.71200013 1.000000
-0.28007519 -0.58264601 1.71200013 1.000000
-0.27910492 -0.57598627 1.70600009 1.000000
-0.27928019 -0.57170379 1.70700014 1.000000
-0.26975128 -0.58890462 1.67700005 1.000000
-0.27153045 -0.58819717 1.68800008 1.000000
-0.27379274 -0.58846796 1.70200002 1.000000
-0.27573386 -0.58797729 1.71400011 1.000000
-0.27574486 -0.58333784 1.71400011 1.000000
-0.27543449 -0.57802355 1.71200013 1.000000
-0.27415901 -0.57071078 1.70400012 1.000000
-0.26804048 -0.59523523 1.69500005 1.000000
-0.27249950 -0.59107554 1.72300005 1.000000
-0.27077085 -0.58266836 1.71200013 1.000000
-0.27046585 -0.57735974 1.71000004 1.000000
-0.27047753 -0.57273215 1.71000004 1.000000
-0.26503029 -0.58029705 1.70500004 1.000000
-0.26457524 -0.57467014 1.70200002 1.000000
-0.26396504 -0.56872475 1.69800007 1.000000
-0.25760290 -0.55050862 1.65700006 1.000000
-0.27122879 -0.60927975 1.77600014 1.000000
-0.26100761 -0.58166963 1.70900011 1.000000
-0.25949162 -0.57366860 1.69900012 1.000000
-0.25843400 -0.56672680 1.69200003 1.000000
-0.26195896 -0.56979018 1.71500003 1.000000
-0.25801304 -0.58542484 1.72000003 1.000000
-0.25547415 -0.57503062 1.70300007 1.000000
-0.25443557 -0.56807828 1.69600010 1.000000
-0.25384727 -0.56216067 1.69200003 1.000000
-0.25274909 -0.58407456 1.71600008 1.000000
-0.25158206 -0.57673037 1.70800006 1.000000
-0.25085708 -0.57043457 1.70300007 1.000000
-0.24649478 -0.58034152 1.70500004 1.000000
-0.24708427 -0.57707942 1.70900011 1.000000
-0.24738495 -0.57312590 1.71100008 1.000000
-0.24327894 -0.58375639 1.71500003 1.000000
-0.24286458 -0.57810384 1.71200013 1.000000
-0.24344350 -0.57481241 1.71600008 1.000000
-0.23861717 -0.58376741 1.71500003 1.000000
-0.23807175 -0.57777739 1.71100008 1.000000
-0.23863974 -0.57448900 1.71500003 1.000000
-0.24059963 -0.57450199 1.72900009 1.000000
-0.23342061 -0.57778859 1.71100008 1.000000
-0.23370479 -0.57383060 1.71300006 1.000000
-0.23289777 -0.56720370 1.70700014 1.000000
-0.22917040 -0.57881284 1.71400011 1.000000
-0.23105359 -0.57886690 1.72800004 1.000000
-0.22865829 -0.56821221 1.71000004 1.000000
-0.22673742 -0.58456486 1.73100007 1.000000
-0.22439083 -0.57385337 1.71300006 1.000000
-0.21447425 -0.56012928 1.67200005 1.000000
-0.21176939 -0.57757193 1.72400010 1.000000
-0.20394784 -0.57346350 1.69800007 1.000000
-0.20407857 -0.56920731 1.69900012 1.000000
-0.20312843 -0.56195480 1.69100010 1.000000
-0.19286412 -0.55934113 1.64300013 1.000000
-0.19745229 -0.56807023 1.68200004 1.000000
-0.20227596 -0.57725865 1.72300005 1.000000
-0.19297315 -0.57751936 1.68300009 1.000000
-0.19011629 -0.56445754 1.65800011 1.000000
-0.19471306 -0.57348430 1.69800007 1.000000
-0.19747566 -0.57693428 1.72200012 1.000000
-0.19748637 -0.57227862 1.72200012 1.000000
-0.18626961 -0.57100904 1.66400003 1.000000
-0.18840617 -0.57297850 1.68300009 1.000000
-0.19156097 -0.57325929 1.71100008 1.000000
-0.19313896 -0.57328635 1.72500002 1.000000
-0.17889564 -0.56652510 1.63800013 1.000000
-0.18723527 -0.57427472 1.71400011 1.000000
-0.18779184 -0.57130289 1.71900010 1.000000
-0.18955041 -0.57193023 1.73500013 1.000000
-0.17167218 -0.55754137 1.61200011 1.000000
-0.17274599 -0.55661476 1.62200010 1.000000
-0.18331909 -0.57663035 1.72100008 1.000000
-0.18375538 -0.57330734 1.72500002 1.000000
-0.18387234 -0.56897402 1.72600007 1.000000
-0.16313712 -0.54371494 1.57200003 1.000000
-0.17914712 -0.58298141 1.72600007 1.000000
-0.17915702 -0.57831562 1.72600007 1.000000
-0.17895946 -0.57298523 1.72400010 1.000000
-0.17959258 -0.57030308 1.73000014 1.000000
-0.17425996 -0.57765538 1.72400010 1.000000
-0.17396659 -0.57199824 1.72100008 1.000000
-0.17387553 -0.56701672 1.72000003 1.000000
-0.17074104 -0.58637834 1.73600006 1.000000
-0.16937359 -0.57699496 1.72200012 1.000000
-0.16898978 -0.57101095 1.71800005 1.000000
-0.16870451 -0.56537843 1.71500003 1.000000
-0.16420168 -0.57996988 1.71700013 1.000000
-0.16441169 -0.57135302 1.71900010 1.000000
-0.16432567 -0.56637722 1.71800005 1.000000
-0.16519637 -0.56467658 1.72700012 1.000000
-0.15916824 -0.57399797 1.71300006 1.000000
-0.15945625 -0.57036531 1.71600008 1.000000
-0.15983737 -0.56704623 1.72000003 1.000000
-0.15324512 -0.56931573 1.69900012 1.000000
-0.15496790 -0.57103926 1.71800005 1.000000
-0.15524776 -0.56738532 1.72100008 1.000000
-0.14968117 -0.56872159 1.71100008 1.000000
-0.15004008 -0.56541640 1.71500003 1.000000
-0.15013669 -0.56110853 1.71600008 1.000000
-0.14026259 -0.55906141 1.65500009 1.000000
-0.14179634 -0.56062049 1.67300010 1.000000
-0.14477135 -0.56773317 1.70800006 1.000000
-0.14545819 -0.56575501 1.71600008 1.000000
-0.14555189 -0.56144464 1.71700013 1.000000
-0.13708016 -0.55995852 1.67100012 1.000000
-0.14004175 -0.56740928 1.70700014 1.000000
-0.14037842 -0.56411523 1.71100008 1.000000
-0.14087938 -0.56145358 1.71700013 1.000000
-0.14080614 -0.55648917 1.71600008 1.000000
-0.13547602 -0.56774998 1.70800006 1.000000
-0.13619821 -0.56610197 1.71700013 1.000000
-0.13660328 -0.56309712 1.72200012 1.000000
-0.13700855 -0.56006527 1.72700012 1.000000
-0.13725531 -0.55636311 1.73000014 1.000000
-0.13228342 -0.57407385 1.72700012 1.000000
-0.13167873 -0.56676966 1.71900010 1.000000
-0.13206998 -0.56375957 1.72400010 1.000000
-0.13253802 -0.56104684 1.73000014 1.000000
-0.13254653 -0.55637187 1.73000014 1.000000
-0.13278502 -0.55265355 1.73300004 1.000000
-0.12677094 -0.57042527 1.71600008 1.000000
-0.12670487 -0.56545871 1.71500003 1.000000
-0.12656505 -0.56017059 1.71300006 1.000000
-0.12760757 -0.56008220 1.72700012 1.000000
-0.12717246 -0.55348587 1.72100008 1.000000
-0.12703298 -0.54819745 1.71900010 1.000000
-0.12181624 -0.56910324 1.71200013 1.000000
-0.12146800 -0.56282878 1.70700014 1.000000
-0.12140450 -0.55788934 1.70600009 1.000000
-0.12356345 -0.55362719 1.73600006 1.000000
-0.11736216 -0.57010788 1.71500003 1.000000
-0.11716417 -0.56448483 1.71200013 1.000000
-0.11717161 -0.55985916 1.71200013 1.000000
-0.11518437 -0.58748370 1.75300014 1.000000
-0.11315443 -0.57244200 1.72200012 1.000000
-0.11283294 -0.56614077 1.71700013 1.000000
-0.11310301 -0.56280971 1.72100008 1.000000
-0.10946855 -0.58246356 1.73800004 1.000000
-0.10890842 -0.57477587 1.72900009 1.000000
-0.10841133 -0.56746662 1.72100008 1.000000
-0.10867026 -0.56412494 1.72500002 1.000000
-0.10220709 -0.56839436 1.69600010 1.000000
-0.10438307 -0.57577991 1.73200011 1.000000
-0.10402805 -0.56912208 1.72600007 1.000000
-0.10421555 -0.56543988 1.72900009 1.000000
-0.09920824 -0.57312679 1.72400010 1.000000
-0.09944474 -0.56978804 1.72800004 1.000000
-0.09945115 -0.56511945 1.72800004 1.000000
-0.09419247 -0.56649679 1.71800005 1.000000
-0.09430823 -0.56250948 1.72000003 1.000000
-0.08941134 -0.56584328 1.71600008 1.000000
-0.08946926 -0.56153435 1.71700013 1.000000
-0.08973572 -0.55851728 1.72200012 1.000000
-0.08538169 -0.57013565 1.72900009 1.000000
-0.08548602 -0.56611872 1.73100007 1.000000
-0.08559046 -0.56209087 1.73300004 1.000000
-0.09039336 -0.58366406 1.83000004 1.000000
-0.08132778 -0.57475758 1.74300003 1.000000
-0.08114646 -0.56874061 1.73900008 1.000000
-0.08049852 -0.55950165 1.72500002 1.000000
-0.08484415 -0.58475447 1.81800008 1.000000
-0.07631876 -0.57278419 1.73700011 1.000000
-0.07606014 -0.56612933 1.73100007 1.000000
-0.07641675 -0.56404781 1.73900008 1.000000
-0.07835553 -0.57350236 1.78300011 1.000000
-0.07113623 -0.56916165 1.72600007 1.000000
-0.07118214 -0.56482607 1.72700012 1.000000
-0.07126933 -0.56080925 1.72900009 1.000000
-0.07341774 -0.57286423 1.78100014 1.000000
-0.06620593 -0.56718761 1.72000003 1.000000
-0.06632580 -0.56352234 1.72300005 1.000000
-0.06652272 -0.56048954 1.72800004 1.000000
-0.06145129 -0.56653225 1.71800005 1.000000
-0.06159845 -0.56319958 1.72200012 1.000000
-0.06199609 -0.56211567 1.73300004 1.000000
-0.05700486 -0.56884450 1.72500002 1.000000
-0.05723998 -0.56647414 1.73200011 1.000000
-0.05734299 -0.56276846 1.73500013 1.000000
-0.05300537 -0.57643276 1.74800003 1.000000
-0.05291793 -0.57072967 1.74500012 1.000000
-0.05292150 -0.56601578 1.74500012 1.000000
-0.05250051 -0.55679858 1.73100007 1.000000
-0.04849098 -0.58415002 1.75700009 1.000000
-0.04843896 -0.57874453 1.75500011 1.000000
-0.04835938 -0.57302254 1.75200009 1.000000
-0.04814181 -0.56569487 1.74400008 1.000000
-0.04762059 -0.55487198 1.72500002 1.000000
-0.04740304 -0.54766023 1.71700013 1.000000
-0.04361044 -0.57808805 1.75300014 1.000000
-0.04346407 -0.57139027 1.74700010 1.000000
-0.04349190 -0.56699550 1.74800003 1.000000
-0.04299723 -0.55584013 1.72800004 1.000000
-0.04309976 -0.55244786 1.73200011 1.000000
-0.04350096 -0.55282891 1.74800003 1.000000
-0.03706224 -0.55622804 1.67300010 1.000000
-0.03852688 -0.57347393 1.73900008 1.000000
-0.03848515 -0.56812239 1.73700011 1.000000
-0.03859855 -0.56505209 1.74200010 1.000000
-0.03835745 -0.55680788 1.73100007 1.000000
-0.03878117 -0.55819207 1.75000012 1.000000
-0.03809687 -0.54366010 1.71900010 1.000000
-0.03371382 -0.57215726 1.73500013 1.000000
-0.03367721 -0.56681651 1.73300004 1.000000
-0.03371837 -0.56278396 1.73500013 1.000000
-0.02895400 -0.57618088 1.73300004 1.000000
-0.02892249 -0.57084024 1.73100007 1.000000
-0.02887430 -0.56518322 1.72800004 1.000000
-0.02889298 -0.56083989 1.72900009 1.000000
-0.02465156 -0.59568101 1.76300013 1.000000
-0.02454127 -0.58823758 1.75500011 1.000000
-0.02434709 -0.57884240 1.74100006 1.000000
-0.02422283 -0.57117182 1.73200011 1.000000
-0.02418249 -0.56551212 1.72900009 1.000000
-0.02436597 -0.56505847 1.74200010 1.000000
-0.02003182 -0.60108852 1.77900004 1.000000
-0.02001059 -0.59561282 1.77700007 1.000000
-0.01961774 -0.57917625 1.74200010 1.000000
-0.01955146 -0.57249230 1.73600006 1.000000
-0.01964288 -0.57041967 1.74400008 1.000000
-0.01970054 -0.56733066 1.74900007 1.000000
-0.01509738 -0.58304644 1.76800013 1.000000
-0.01508132 -0.57761657 1.76600003 1.000000
-0.01508234 -0.57284617 1.76600003 1.000000
-0.01029520 -0.57892567 1.77000010 1.000000
-0.01027264 -0.57284707 1.76600003 1.000000
-0.01040715 -0.57547510 1.78900003 1.000000
-0.00544707 -0.57598257 1.76100004 1.000000
-0.00542270 -0.56863075 1.75300014 1.000000
-0.00543854 -0.56550378 1.75800014 1.000000
-0.00064685 -0.57205784 1.74900007 1.000000
-0.00064430 -0.56506282 1.74200010 1.000000
-0.00064287 -0.55907047 1.73800004 1.000000
-0.00065475 -0.56458265 1.77000010 1.000000
0.00421247 -0.59030294 1.79000008 1.000000
0.00413274 -0.57434726 1.75600004 1.000000
0.00411890 -0.56765777 1.75000012 1.000000
0.00408388 -0.55810535 1.73500013 1.000000
0.00907675 -0.58964294 1.78800011 1.000000
0.00894537 -0.57630926 1.76200008 1.000000
0.00890536 -0.56895477 1.75400007 1.000000
0.01410952 -0.59656751 1.80900013 1.000000
0.01375166 -0.57663560 1.76300013 1.000000
0.01374480 -0.57154894 1.76200008 1.000000
0.01880415 -0.58931130 1.78700006 1.000000
0.01871070 -0.58154064 1.77800012 1.000000
0.01853307 -0.57122344 1.76100004 1.000000
0.02355272 -0.58153921 1.77800012 1.000000
0.02350133 -0.57543892 1.77400005 1.000000
0.02767234 -0.57618129 1.73300004 1.000000
0.02816921 -0.58172327 1.76400006 1.000000
0.02828289 -0.57924789 1.77100003 1.000000
0.02836468 -0.57608593 1.77600014 1.000000
0.03291662 -0.58073199 1.76100004 1.000000
0.03310576 -0.57924581 1.77100003 1.000000
0.03325756 -0.57705688 1.77900004 1.000000
0.03790715 -0.57891643 1.77000010 1.000000
0.03795255 -0.57478386 1.77200007 1.000000
0.04294154 -0.58666283 1.77900004 1.000000
0.04292027 -0.58153021 1.77800012 1.000000
0.04299561 -0.57770044 1.78100014 1.000000
0.04789313 -0.58797896 1.78300011 1.000000
0.04786946 -0.58283544 1.78200006 1.000000
0.04789956 -0.57834607 1.78300011 1.000000
0.05268546 -0.59212697 1.78100014 1.000000
0.05277766 -0.58830535 1.78400004 1.000000
0.05272200 -0.58283204 1.78200006 1.000000
0.05278474 -0.57866693 1.78400004 1.000000
0.05258122 -0.57159603 1.77700007 1.000000
0.05643621 -0.58081949 1.74700010 1.000000
0.05750984 -0.58217430 1.78000009 1.000000
0.05735216 -0.57574403 1.77500010 1.000000
0.05793772 -0.57673877 1.79300010 1.000000
0.06041817 -0.57816118 1.72500002 1.000000
0.06225166 -0.58118910 1.77700007 1.000000
0.06215074 -0.57541555 1.77400005 1.000000
0.06261045 -0.57480472 1.78700006 1.000000
0.06667501 -0.57758713 1.76600003 1.000000
0.06683050 -0.57411379 1.77000010 1.000000
0.06694832 -0.57029706 1.77300012 1.000000
0.07169078 -0.57443345 1.77100003 1.000000
0.07189804 -0.57125735 1.77600014 1.000000
0.07194347 -0.56677812 1.77700007 1.000000
0.07655635 -0.57475281 1.77200007 1.000000
0.07660473 -0.57028729 1.77300012 1.000000
0.07639392 -0.56390244 1.76800013 1.000000
0.07613996 -0.55722821 1.76200008 1.000000
0.08156504 -0.57604498 1.77600014 1.000000
0.08093304 -0.56198335 1.76200008 1.000000
0.08084677 -0.55659026 1.76000011 1.000000
0.08616918 -0.56484812 1.77100003 1.000000
0.08607780 -0.55943060 1.76900005 1.000000
