-0.60430861 0.68374002 1.64000010 0.000000
-0.59977925 0.68367445 1.64000010 0.000000
-0.59545571 0.68318540 1.62800002 0.000000
-0.59422708 0.68689668 1.63700008 0.000000
-0.59078968 0.68809146 1.64000010 0.000000
-0.59085369 0.69263768 1.64000010 0.000000
-0.58454031 0.69046205 1.63500011 0.000000
-0.58317405 0.69329542 1.63100004 0.000000
-0.57896602 0.68913287 1.63200009 0.000000
-0.57938319 0.69408160 1.63300014 0.000000
-0.57980210 0.69903868 1.63400006 0.000000
-0.57980794 0.69996905 1.64700007 0.000000
-0.57670224 0.70068556 1.63800013 0.000000
-0.57771242 0.70288229 1.65400004 0.000000
-0.57812351 0.70789421 1.65500009 0.000000
-0.56968951 0.69857293 1.64400005 0.000000
-0.57009602 0.70355546 1.64500010 0.000000
-0.56143790 0.69836354 1.63300014 0.000000
-0.55977827 0.70073706 1.62800002 0.000000
-0.55296171 0.69658792 1.60800004 0.000000
-0.55733973 0.70325994 1.63400006 0.000000
-0.54853028 0.69652748 1.60800004 0.000000
-0.55825341 0.71008736 1.65000010 0.000000
-0.55052984 0.70469803 1.62700009 0.000000
-0.53659683 0.68808365 1.59900010 0.000000
-0.54638541 0.70507288 1.62800002 0.000000
-0.53570282 0.69563830 1.59600008 0.000000
-0.54123884 0.70415002 1.62600005 0.000000
-0.54495758 0.71344995 1.63700008 0.000000
-0.54276323 0.71644318 1.64400005 0.000000
-0.53660351 0.71420830 1.63900006 0.000000
-0.53502238 0.71655732 1.63400006 0.000000
-0.52657717 0.70674646 1.62200010 0.000000
-0.52728063 0.71211642 1.62400007 0.000000
-0.52732199 0.71820062 1.63800013 0.000000
-0.52930856 0.72538692 1.64400005 0.000000
-0.52537286 0.72165471 1.64600003 0.000000
-0.52414972 0.72444934 1.64200008 0.000000
-0.52084994 0.72160238 1.64600003 0.000000
-0.52026939 0.72527790 1.64400005 0.000000
-0.51664239 0.72198987 1.64700007 0.000000
-0.51575232 0.72522557 1.64400005 0.000000
-0.51360863 0.72667205 1.63700008 0.000000
-0.51149809 0.72106361 1.64500010 0.000000
-0.51310259 0.72782111 1.65000010 0.000000
-0.50944817 0.72452176 1.65300012 0.000000
-0.50703102 0.72556573 1.64500010 0.000000
-0.50552315 0.72535098 1.65500009 0.000000
-0.50221026 0.72507614 1.64400005 0.000000
-0.49644253 0.71873111 1.64000010 0.000000
-0.49588284 0.72238284 1.63800013 0.000000
-0.49044523 0.71649551 1.63500011 0.000000
-0.48988974 0.72013205 1.63300014 0.000000
-0.48893511 0.72083431 1.64500010 0.000000
-0.49195114 0.72978860 1.65500009 0.000000
-0.49031636 0.72955549 1.66500008 0.000000
-0.49271536 0.73768151 1.67300010 0.000000
-0.48225349 0.72425610 1.65300012 0.000000
-0.48783854 0.73719734 1.67200005 0.000000
-0.47921109 0.73098296 1.65800011 0.000000
-0.47495589 0.73138320 1.65900004 0.000000
-0.47466630 0.73795629 1.67400002 0.000000
-0.47429568 0.74452972 1.68900013 0.000000
-0.46800452 0.74184698 1.68300009 0.000000
-0.47000763 0.75238872 1.70700014 0.000000
-0.47637844 0.76729739 1.73000014 0.000000
-0.46969962 0.75940436 1.72300005 0.000000
-0.46646476 0.75883269 1.71100008 0.000000
-0.46066928 0.75231725 1.70700014 0.000000
-0.45383176 0.74407864 1.69900012 0.000000
-0.45279604 0.74699455 1.69500005 0.000000
-0.44813043 0.74229509 1.69500005 0.000000
-0.44789794 0.74652100 1.69400012 0.000000
-0.45507038 0.76316041 1.72100008 0.000000
-0.44428363 0.74357826 1.69800007 0.000000
-0.44431457 0.74825168 1.69800007 0.000000
-0.44171593 0.74705148 1.70600009 0.000000
-0.44096929 0.75042385 1.70300007 0.000000
-0.43654364 0.74614680 1.70400012 0.000000
-0.42707422 0.73779917 1.68500006 0.000000
-0.42938346 0.74639881 1.69400012 0.000000
-0.42447910 0.74127501 1.69300008 0.000000
-0.42450631 0.74592996 1.69300008 0.000000
-0.41616336 0.73929387 1.67800009 0.000000
-0.39897388 0.72018445 1.64500010 0.000000
-0.39366171 0.71501195 1.62300003 0.000000
-0.39928138 0.72891718 1.66500008 0.000000
-0.39829504 0.73546118 1.68000007 0.000000
-0.40144598 0.74988538 1.71300006 0.000000
-0.38588750 0.72928947 1.66600013 0.000000
-0.38340431 0.73320872 1.67500007 0.000000
-0.36416936 0.71768641 1.65000010 0.000000
-0.36316043 0.72462910 1.66600013 0.000000
-0.36557519 0.73400927 1.67700005 0.000000
-0.36098850 0.72939742 1.67700005 0.000000
-0.35704216 0.72608703 1.68000007 0.000000
-0.35811958 0.73286134 1.68500006 0.000000
-0.35078740 0.72261542 1.67200005 0.000000
-0.35289964 0.73154163 1.68200004 0.000000
-0.34436968 0.71871257 1.66300011 0.000000
-0.33902308 0.71697098 1.65900004 0.000000
-0.34026214 0.72412008 1.66500008 0.000000
-0.33934444 0.72733080 1.68300009 0.000000
-0.34157497 0.73671907 1.69400012 0.000000
-0.34171203 0.73774737 1.71800005 0.000000
-0.33635291 0.73077619 1.69100010 0.000000
-0.33775735 0.73844576 1.69800007 0.000000
-0.33369979 0.73043656 1.70100009 0.000000
-0.33017924 0.72730762 1.68300009 0.000000
-0.32597393 0.72355592 1.68500006 0.000000
-0.32230833 0.71995032 1.66600013 0.000000
-0.32253173 0.72612286 1.69100010 0.000000
-0.32177848 0.72901493 1.68700004 0.000000
-0.31755304 0.72525495 1.68900013 0.000000
-0.31173375 0.71647340 1.65800011 0.000000
-0.31128848 0.72138172 1.68000007 0.000000
-0.31090775 0.72660041 1.70300007 0.000000
-0.30817690 0.72480869 1.68800008 0.000000
-0.30879158 0.73256642 1.71700013 0.000000
-0.30646089 0.73167104 1.70400012 0.000000
-0.30164000 0.72658652 1.70300007 0.000000
-0.29508802 0.72188705 1.69200003 0.000000
-0.29631531 0.72950965 1.69900012 0.000000
-0.28601566 0.70624518 1.66600013 0.000000
-0.28533423 0.70908183 1.66200006 0.000000
-0.28534019 0.71361613 1.66200006 0.000000
-0.27195516 0.68444854 1.58400011 0.000000
-0.27439219 0.69286406 1.62400007 0.000000
-0.27710110 0.70416391 1.64000010 0.000000
-0.27389693 0.70042956 1.62100005 0.000000
-0.26866564 0.69137555 1.59000003 0.000000
-0.27329904 0.70139182 1.64400005 0.000000
-0.26666668 0.69745624 1.60400009 0.000000
-0.26634127 0.70096171 1.60200012 0.000000
-0.27487272 0.71259034 1.68100011 0.000000
-0.27258778 0.71119964 1.66700006 0.000000
-0.27094358 0.71428210 1.68500006 0.000000
-0.27223405 0.72228760 1.69300008 0.000000
-0.26841551 0.71978921 1.69800007 0.000000
-0.26873547 0.72526973 1.70000005 0.000000
-0.26643831 0.72699219 1.71500003 0.000000
-0.25795802 0.71639156 1.69000006 0.000000
-0.25126293 0.71045429 1.67600012 0.000000
-0.24376093 0.70197380 1.65600014 0.000000
-0.24012427 0.70451492 1.66200006 0.000000
-0.23872322 0.71383852 1.68400013 0.000000
-0.23636837 0.72061896 1.70000005 0.000000
-0.23079123 0.71765006 1.69300008 0.000000
-0.22578667 0.71637696 1.69000006 0.000000
-0.22119111 0.71637565 1.69000006 0.000000
-0.21124761 0.71383047 1.68400013 0.000000
-0.20691399 0.71467745 1.68600011 0.000000
-0.20832984 0.73587132 1.73600006 0.000000
-0.18175413 0.69323832 1.62500012 0.000000
-0.18555777 0.71225685 1.65900004 0.000000
-0.18068776 0.75066555 1.61500013 0.000000
-0.17929997 0.70091677 1.64300013 0.000000
-0.17864580 0.70281059 1.63700008 0.000000
-0.18006559 0.71288258 1.65000010 0.000000
-0.17443793 0.74275684 1.59800005 0.000000
-0.17440689 0.69920999 1.63900006 0.000000
-0.17472664 0.70495653 1.64200008 0.000000
-0.17494039 0.71028900 1.64400005 0.000000
-0.17622273 0.72900409 1.65600014 0.000000
-0.17411712 0.74698788 1.63600004 0.000000
-0.16943190 0.69707662 1.63400006 0.000000
-0.16984710 0.70323855 1.63800013 0.000000
-0.16964051 0.70683151 1.63600004 0.000000
-0.17036758 0.71432841 1.64300013 0.000000
-0.17005813 0.71749020 1.64000010 0.000000
-0.16933435 0.71887672 1.63300014 0.000000
-0.17161813 0.73307234 1.65500009 0.000000
-0.16685425 0.72147375 1.60900009 0.000000
-0.16499133 0.71774495 1.59100008 0.000000
-0.16530658 0.72345108 1.59400010 0.000000
-0.16529195 0.69835633 1.63700008 0.000000
-0.16569613 0.70452595 1.64100003 0.000000
-0.16620170 0.71115106 1.64600003 0.000000
-0.16650572 0.71693563 1.64900005 0.000000
-0.16428579 0.71180111 1.62700009 0.000000
-0.16347986 0.71271145 1.61900008 0.000000
-0.16418901 0.72022438 1.62600005 0.000000
-0.16146530 0.71262461 1.59900010 0.000000
-0.16348802 0.72595423 1.61900008 0.000000
-0.16500632 0.73713952 1.63400006 0.000000
-0.16103742 0.69920945 1.63900006 0.000000
-0.16143064 0.70538419 1.64300013 0.000000
-0.15926965 0.70034903 1.62100005 0.000000
-0.15381061 0.69121605 1.61000013 0.000000
-0.13104790 0.72612631 1.71300006 0.000000
-0.04658504 0.67515749 1.69000006 0.000000
-0.04273440 0.68714386 1.72000003 0.000000
-0.04273318 0.69180173 1.72000003 0.000000
-0.03803466 0.68674558 1.71900010 0.000000
-0.03330255 0.68090224 1.71600008 0.000000
-0.03345678 0.68874425 1.72400010 0.000000
-0.01467739 0.68288928 1.72100008 0.000000
-0.01003747 0.68566728 1.72800004 0.000000
-0.00524535 0.66916764 1.69800007 0.000000
-0.00532241 0.68368357 1.72300005 0.000000
-0.00061200 0.65749490 1.65700006 0.000000
0.00410855 0.68887228 1.74800003 0.000000
0.01353899 0.68493068 1.73800004 0.000000
0.01382676 0.70431656 1.77500010 0.000000
0.01832901 0.68729478 1.74400008 0.000000
0.01847554 0.69757044 1.75800014 0.000000
0.02279446 0.67901814 1.72300005 0.000000
0.02300537 0.69003063 1.73900008 0.000000
0.02173059 0.69646889 1.64300013 0.000000
0.02153197 0.69452977 1.62800002 0.000000
0.02756034 0.68098772 1.72800004 0.000000
0.02749564 0.68407786 1.72400010 0.000000
0.02603831 0.69666266 1.63300014 0.000000
0.02592648 0.69809180 1.62600005 0.000000
0.03190535 0.67349911 1.70900011 0.000000
0.03062783 0.70007527 1.64100003 0.000000
0.03051560 0.70195562 1.63500011 0.000000
0.03081405 0.71330994 1.65100002 0.000000
0.03668170 0.67586249 1.71500003 0.000000
0.03487568 0.70023799 1.63100004 0.000000
0.03487548 0.70466882 1.63100004 0.000000
0.04129779 0.67507291 1.71300006 0.000000
0.04139288 0.68129706 1.71700013 0.000000
0.03914148 0.70164436 1.62400007 0.000000
0.04665417 0.68531775 1.73900008 0.000000
0.04497852 0.72910035 1.67700005 0.000000
0.04995185 0.73518699 1.69100010 0.000000
0.04936104 0.73103493 1.67100012 0.000000
0.05553237 0.67822087 1.72100008 0.000000
0.05422709 0.73540974 1.68100011 0.000000
0.05993297 0.67506623 1.71300006 0.000000
0.05916137 0.67097414 1.69100010 0.000000
0.05879788 0.73998219 1.68100011 0.000000
0.06440314 0.67309386 1.70800006 0.000000
0.06455192 0.67930484 1.71200013 0.000000
0.06197408 0.72816861 1.64400005 0.000000
0.06389713 0.75537229 1.69500005 0.000000
0.06836095 0.66639233 1.69100010 0.000000
0.06819711 0.66938311 1.68700004 0.000000
0.06882930 0.75893801 1.70300007 0.000000
0.07244199 0.66166103 1.67900014 0.000000
0.07157683 0.65827084 1.65900004 0.000000
0.06850967 0.63870007 1.58800006 0.000000
0.07939309 0.68215072 1.73100007 0.000000
0.07503355 0.64914250 1.63600004 0.000000
0.07400898 0.68855238 1.61400008 0.000000
0.07373339 0.69036061 1.60800004 0.000000
0.07714623 0.63869631 1.58800006 0.000000
0.07758151 0.64664286 1.59700012 0.000000
0.07791235 0.67993003 1.60400009 0.000000
0.07781456 0.68343246 1.60200012 0.000000
0.07854269 0.69422424 1.61700010 0.000000
0.07888242 0.70164263 1.62400007 0.000000
0.08778189 0.67426389 1.71100008 0.000000
0.08213355 0.63958615 1.60100007 0.000000
0.08208005 0.64352065 1.60000002 0.000000
0.08187283 0.64623606 1.59600008 0.000000
0.08273713 0.67498791 1.61300004 0.000000
0.08242835 0.67683834 1.60700011 0.000000
0.08201717 0.67780983 1.59900010 0.000000
0.08186264 0.68087220 1.59600008 0.000000
0.08232380 0.68907183 1.60500002 0.000000
0.08360581 0.70423466 1.63000011 0.000000
0.08458027 0.71692652 1.64900005 0.000000
0.09402227 0.82686454 1.83300006 0.000000
0.09417772 0.83322400 1.83600008 0.000000
0.09184060 0.66992629 1.70000005 0.000000
0.08718944 0.64477718 1.61400008 0.000000
0.08610675 0.64110529 1.59400010 0.000000
0.08685410 0.66853166 1.60800004 0.000000
0.08658279 0.67080212 1.60300004 0.000000
0.08598676 0.67484176 1.59200013 0.000000
0.08593208 0.67873859 1.59100008 0.000000
0.08663376 0.68864214 1.60400009 0.000000
0.08803777 0.70423448 1.63000011 0.000000
0.08976606 0.72257841 1.66200006 0.000000
0.09106247 0.73759824 1.68600011 0.000000
0.08387937 0.68363833 1.55300009 0.000000
0.09322719 0.77859837 1.72600007 0.000000
0.09809005 0.82414925 1.81600010 0.000000
0.09629337 0.66874111 1.69700003 0.000000
0.09402083 0.65746498 1.65700006 0.000000
0.09157836 0.64477473 1.61400008 0.000000
0.09082918 0.66562009 1.60100007 0.000000
0.09150869 0.67498559 1.61300004 0.000000
0.09031472 0.67916471 1.59200013 0.000000
0.09082482 0.68735379 1.60100007 0.000000
0.09195916 0.70034593 1.62100005 0.000000
0.09292354 0.71214420 1.63800013 0.000000
0.09468234 0.73016125 1.66900003 0.000000
0.09150737 0.71883434 1.61300004 0.000000
0.09661574 0.76822454 1.70300007 0.000000
0.09593660 0.76742268 1.69100010 0.000000
0.10019462 0.66400927 1.68500006 0.000000
0.09870512 0.65865260 1.66000009 0.000000
0.09703752 0.65196300 1.63200009 0.000000
0.09596477 0.64914465 1.61400008 0.000000
0.09553904 0.66811317 1.60700011 0.000000
0.09547828 0.67205513 1.60600007 0.000000
0.09494057 0.68129718 1.59700012 0.000000
0.09505902 0.68649483 1.59900010 0.000000
0.09523714 0.69213694 1.60200012 0.000000
0.09660445 0.70649230 1.62500012 0.000000
0.09725860 0.71572459 1.63600004 0.000000
0.09719962 0.71973616 1.63500011 0.000000
0.09363333 0.69761133 1.57500005 0.000000
0.09815887 0.75377601 1.65100002 0.000000
0.10421707 0.66045952 1.67600012 0.000000
0.10309478 0.65785617 1.65800011 0.000000
0.10197272 0.65515614 1.64000010 0.000000
0.09978414 0.66728020 1.60500002 0.000000
0.10071536 0.67791247 1.62000012 0.000000
0.10027747 0.68812233 1.61300004 0.000000
0.09959318 0.68778247 1.60200012 0.000000
0.09921995 0.68954456 1.59600008 0.000000
0.10015249 0.70040572 1.61100006 0.000000
0.10071228 0.70872521 1.62000012 0.000000
0.10077494 0.71357381 1.62100005 0.000000
0.10034053 0.71488631 1.61400008 0.000000
0.10832032 0.65769780 1.66900003 0.000000
0.10727879 0.65586931 1.65300012 0.000000
0.10792486 0.66434163 1.66300011 0.000000
0.10446807 0.69121677 1.61000013 0.000000
0.10388391 0.69170469 1.60100007 0.000000
0.10433817 0.69910157 1.60800004 0.000000
0.10531179 0.71003807 1.62300003 0.000000
0.10466348 0.71005285 1.61300004 0.000000
0.11428230 0.66139394 1.69000006 0.000000
0.11049207 0.64390230 1.63400006 0.000000
0.11163841 0.65507263 1.65100002 0.000000
0.11312301 0.66833359 1.67300010 0.000000
0.11582480 0.68895411 1.71300006 0.000000
0.11663350 0.69845533 1.72500002 0.000000
0.10803437 0.68606454 1.59800005 0.000000
0.10776380 0.68868035 1.59400010 0.000000
0.10911701 0.71049386 1.61400008 0.000000
0.10796860 0.70735854 1.59700012 0.000000
0.10709087 0.70591503 1.58400011 0.000000
0.11606423 0.64573610 1.65000010 0.000000
0.11570904 0.64823365 1.64500010 0.000000
0.11591678 0.65387928 1.64800012 0.000000
0.12083723 0.68630719 1.71800005 0.000000
0.12167829 0.69578862 1.73000014 0.000000
0.12132385 0.69845265 1.72500002 0.000000
0.12047739 0.69823766 1.71300006 0.000000
0.12068615 0.70411360 1.71600008 0.000000
0.11167606 0.68177104 1.58800006 0.000000
0.11188692 0.68738425 1.59100008 0.000000
0.11322534 0.71311772 1.61000013 0.000000
0.11238268 0.71215552 1.59800005 0.000000
0.11139964 0.71023315 1.58400011 0.000000
0.12011264 0.64338434 1.64400005 0.000000
0.12835470 0.70664465 1.75700009 0.000000
0.12659860 0.70168918 1.73300004 0.000000
0.12498894 0.69742000 1.71100008 0.000000
0.12403703 0.69672567 1.69800007 0.000000
0.12622647 0.71372259 1.72800004 0.000000
0.12775867 0.72714192 1.74900007 0.000000
0.11679721 0.69084060 1.59900010 0.000000
0.11665133 0.69432002 1.59700012 0.000000
0.11833368 0.71754819 1.62000012 0.000000
0.11731239 0.71572220 1.60600007 0.000000
0.11680274 0.71696061 1.59900010 0.000000
0.12761837 0.79285038 1.74700010 0.000000
0.12922832 0.80766290 1.76900005 0.000000
0.12337437 0.63271117 1.62800002 0.000000
0.12299163 0.63516223 1.62300003 0.000000
0.12053881 0.68738431 1.59100008 0.000000
0.11970566 0.68692929 1.58000004 0.000000
0.12137648 0.71394122 1.60200012 0.000000
0.12130248 0.71785927 1.60100007 0.000000
0.13366042 0.80538327 1.76400006 0.000000
0.12638824 0.62571162 1.61000013 0.000000
0.12400146 0.68263191 1.58000004 0.000000
0.12431571 0.68866879 1.58400011 0.000000
0.12847973 0.72954077 1.63700008 0.000000
0.12628406 0.72144836 1.60900009 0.000000
0.12785603 0.73485845 1.62900007 0.000000
0.13233250 0.76517189 1.68600011 0.000000
0.13743743 0.79945111 1.75100005 0.000000
0.12817115 0.60899907 1.57800007 0.000000
0.13057117 0.69472939 1.60800004 0.000000
0.12846033 0.68779975 1.58200002 0.000000
0.12846102 0.69210500 1.58200002 0.000000
0.13260849 0.73221165 1.63300014 0.000000
0.13188003 0.73260540 1.62400007 0.000000
0.13618681 0.76109016 1.67700005 0.000000
0.12902467 0.58901119 1.53700006 0.000000
0.13153864 0.60474956 1.56700003 0.000000
0.12700170 0.58800584 1.51300013 0.000000
0.13410464 0.69475663 1.59800005 0.000000
0.14158122 0.75642675 1.68700004 0.000000
0.13747147 0.73892361 1.63800013 0.000000
0.13755833 0.74384731 1.63900006 0.000000
0.13468204 0.59131527 1.55400002 0.000000
0.13615069 0.60203618 1.57100010 0.000000
0.13614617 0.60628897 1.57100010 0.000000
0.13723682 0.68867058 1.58400011 0.000000
0.14235933 0.74118197 1.64300013 0.000000
0.14158258 0.74158126 1.63400006 0.000000
0.14383894 0.75791383 1.66000009 0.000000
0.14471781 0.61604357 1.61900008 0.000000
0.14292517 0.61276150 1.59900010 0.000000
0.14038223 0.68301934 1.57100010 0.000000
0.14074063 0.68904555 1.57500005 0.000000
0.14566907 0.73976922 1.63000011 0.000000
0.14647704 0.74832946 1.63900006 0.000000
0.15157530 0.77898794 1.69600010 0.000000
0.15152024 0.62147945 1.64500010 0.000000
0.14884378 0.61489695 1.61600006 0.000000
0.14948347 0.62195379 1.62300003 0.000000
0.14612724 0.68997645 1.58700013 0.000000
0.14391844 0.68379682 1.56300008 0.000000
0.15102315 0.74431133 1.64000010 0.000000
0.15093489 0.74833339 1.63900006 0.000000
0.15158378 0.75602680 1.64600003 0.000000
0.15191555 0.60522866 1.60200012 0.000000
0.15048786 0.60385716 1.58700013 0.000000
0.15110613 0.69302082 1.59400010 0.000000
0.14968534 0.69079798 1.57900012 0.000000
0.15605646 0.75153363 1.64600003 0.000000
0.15274253 0.73995548 1.61100006 0.000000
0.15597884 0.60408986 1.59900010 0.000000
0.15475789 0.68997848 1.58700013 0.000000
0.15446661 0.69298685 1.58400011 0.000000
0.15633976 0.73190486 1.60300004 0.000000
0.15702707 0.73950088 1.61000013 0.000000
0.15817115 0.68606663 1.57800007 0.000000
0.15807231 0.68992591 1.57700002 0.000000
0.15175916 0.66648811 1.51400006 0.000000
0.18415335 0.83373255 1.83700013 0.000000
0.16210829 0.74272102 1.61700010 0.000000
0.16151205 0.74437046 1.61100006 0.000000
0.16458294 0.59505093 1.59800005 0.000000
0.16447392 0.59900057 1.59700012 0.000000
0.16390346 0.69215477 1.59200013 0.000000
0.16246364 0.69036514 1.57800007 0.000000
0.16236261 0.69422388 1.57700002 0.000000
0.18451640 0.81331378 1.79200006 0.000000
0.16794850 0.74915671 1.63100004 0.000000
0.16610052 0.74530023 1.61300004 0.000000
0.16167837 0.72972786 1.57000005 0.000000
0.16892785 0.59504473 1.59800005 0.000000
0.17150840 0.70563400 1.62300003 0.000000
0.16833988 0.69692934 1.59300005 0.000000
0.17724720 0.77029127 1.67700005 0.000000
0.16953735 0.74114758 1.60400009 0.000000
0.16774666 0.73763567 1.58700013 0.000000
0.17620684 0.60069472 1.62500012 0.000000
0.17468224 0.59987915 1.61100006 0.000000
0.17722254 0.71085292 1.63500011 0.000000
0.17418937 0.70305634 1.60700011 0.000000
0.19155490 0.80197740 1.76700008 0.000000
0.17465998 0.74438810 1.61100006 0.000000
0.17293178 0.74136060 1.59500003 0.000000
0.17163762 0.74011809 1.58300006 0.000000
0.17940916 0.59225422 1.61400008 0.000000
0.18129191 0.60290581 1.63100004 0.000000
0.17522411 0.68563777 1.57700002 0.000000
0.17744833 0.69868344 1.59700012 0.000000
0.17800634 0.70523655 1.60200012 0.000000
0.20180659 0.82422221 1.81600010 0.000000
0.20436856 0.83968705 1.83900011 0.000000
0.18004997 0.75298762 1.62000012 0.000000
0.17894585 0.75274915 1.61000013 0.000000
0.18209635 0.58241636 1.59900010 0.000000
0.18402511 0.59298104 1.61600006 0.000000
0.17974234 0.69081074 1.57900012 0.000000
0.17985874 0.69555438 1.58000004 0.000000
0.18559644 0.75764292 1.63000011 0.000000
0.18765375 0.77052379 1.64800012 0.000000
0.18913309 0.58639771 1.62200010 0.000000
0.18912549 0.59078640 1.62200010 0.000000
0.18170539 0.68206316 1.55900002 0.000000
0.18299022 0.69115508 1.57000005 0.000000
0.20737359 0.80744082 1.77900004 0.000000
0.18979846 0.75672090 1.62800002 0.000000
0.19038941 0.76351869 1.63300014 0.000000
0.19390088 0.58747447 1.62500012 0.000000
0.19663754 0.60024881 1.64800012 0.000000
0.18797283 0.68950325 1.57600009 0.000000
0.18964559 0.69996262 1.59000003 0.000000
0.18935366 0.74637014 1.58700013 0.000000
0.19661807 0.57804638 1.61100006 0.000000
0.19673216 0.58276689 1.61200011 0.000000
0.19518672 0.70000613 1.60000002 0.000000
0.19531190 0.70480847 1.60100007 0.000000
0.19611360 0.75578547 1.60700011 0.000000
0.20425008 0.58293813 1.63700008 0.000000
0.20162158 0.57983232 1.61600006 0.000000
0.19841580 0.69607162 1.59100008 0.000000
0.19866858 0.70129013 1.59300005 0.000000
0.19860666 0.74437469 1.59200013 0.000000
0.20622632 0.77742946 1.65300012 0.000000
0.21011159 0.58238780 1.64800012 0.000000
0.20806293 0.58114904 1.63200009 0.000000
0.21034919 0.59202337 1.65000010 0.000000
0.20070401 0.68907475 1.57500005 0.000000
0.20032525 0.69204891 1.57200003 0.000000
0.20587140 0.75513822 1.61500013 0.000000
0.20868585 0.76991457 1.63700008 0.000000
0.21264759 0.57266003 1.63300014 0.000000
0.21133637 0.57354420 1.62300003 0.000000
0.21262971 0.58149654 1.63300014 0.000000
0.20563845 0.69126570 1.58000004 0.000000
0.20694375 0.69997710 1.59000003 0.000000
0.20857452 0.74906933 1.60200012 0.000000
0.20754306 0.74970108 1.59400010 0.000000
0.21522564 0.56774127 1.61900008 0.000000
0.21402021 0.56894135 1.61000013 0.000000
0.21126452 0.69564438 1.59000003 0.000000
0.21366027 0.70790553 1.60800004 0.000000
0.20854867 0.73364890 1.56900012 0.000000
0.20962235 0.74171591 1.57700002 0.000000
0.21136150 0.75219500 1.59000003 0.000000
0.22112836 0.56717932 1.63000011 0.000000
0.21854141 0.56492674 1.61100006 0.000000
0.21816547 0.70396107 1.60900009 0.000000
0.21803419 0.70791012 1.60800004 0.000000
0.21539670 0.74254334 1.58800006 0.000000
0.21581449 0.74831158 1.59100008 0.000000
0.21623293 0.75409895 1.59400010 0.000000
0.22432347 0.55965233 1.62100005 0.000000
0.22251476 0.55951458 1.60800004 0.000000
0.22209027 0.56281358 1.60500002 0.000000
0.22254197 0.70396525 1.60900009 0.000000
0.22130172 0.70439279 1.60000002 0.000000
0.22249813 0.75631881 1.60800004 0.000000
0.22126478 0.75647646 1.59900010 0.000000
0.22548424 0.55170178 1.59800005 0.000000
0.22618006 0.55776531 1.60300004 0.000000
0.22043121 0.68384379 1.56300008 0.000000
0.22466692 0.70131606 1.59300005 0.000000
0.22758150 0.75868243 1.61300004 0.000000
0.22955005 0.54668313 1.59600008 0.000000
0.22882098 0.54927528 1.59100008 0.000000
0.22942665 0.69828653 1.59600008 0.000000
0.22770667 0.69735903 1.58400011 0.000000
0.23312385 0.76245773 1.62100005 0.000000
0.23580350 0.54677236 1.60900009 0.000000
0.23491383 0.54907066 1.60300004 0.000000
0.22717701 0.67860281 1.55100012 0.000000
0.23099054 0.69428265 1.57700002 0.000000
0.23680501 0.76011872 1.61600006 0.000000
0.23273905 0.68254560 1.56000006 0.000000
0.23363976 0.68944561 1.56600010 0.000000
0.24165335 0.76154315 1.61900008 0.000000
0.24334428 0.53970063 1.60100007 0.000000
0.24196573 0.54097456 1.59200013 0.000000
0.23850212 0.68692631 1.57000005 0.000000
0.23790033 0.68945163 1.56600010 0.000000
0.24469449 0.75732338 1.61000013 0.000000
0.24546871 0.76411355 1.61500013 0.000000
0.24739683 0.53468883 1.59900010 0.000000
0.24552935 0.53497052 1.58700013 0.000000
0.24277347 0.68693203 1.57000005 0.000000
0.24138790 0.68725657 1.56100011 0.000000
0.24093072 0.69019186 1.55800009 0.000000
0.24722281 0.75169277 1.59800005 0.000000
0.24906583 0.52899319 1.58200002 0.000000
0.24669352 0.52821797 1.56700003 0.000000
0.24468468 0.68037492 1.55500007 0.000000
0.24421903 0.68330067 1.55200005 0.000000
0.24359661 0.68576908 1.54800010 0.000000
0.24686714 0.74190569 1.56800008 0.000000
0.25657928 0.53133452 1.60200012 0.000000
0.25384533 0.52998525 1.58500004 0.000000
0.25992006 0.54708391 1.62300003 0.000000
0.25035623 0.68431914 1.56400013 0.000000
0.24988279 0.68727005 1.56100011 0.000000
0.25562328 0.75516969 1.59600008 0.000000
0.26648220 0.53817219 1.63600004 0.000000
0.26500446 0.53961462 1.62700009 0.000000
0.27378806 0.56207365 1.68100011 0.000000
0.26014686 0.69920236 1.59800005 0.000000
0.25868896 0.69960517 1.58900011 0.000000
0.26534683 0.77080071 1.62900007 0.000000
0.27155426 0.79336870 1.66700006 0.000000
0.26696509 0.52590293 1.61200011 0.000000
0.26678753 0.52993655 1.61100006 0.000000
0.25969520 0.68652046 1.56900012 0.000000
0.26665458 0.70929915 1.61100006 0.000000
0.27061334 0.77318364 1.63400006 0.000000
0.27084011 0.52491212 1.60900009 0.000000
0.26998654 0.52762210 1.60400009 0.000000
0.26127303 0.67952693 1.55300009 0.000000
0.26918820 0.70446426 1.60000002 0.000000
0.26765892 0.75238079 1.59000003 0.000000
0.27640906 0.52718365 1.61600006 0.000000
0.26857659 0.68741065 1.57100010 0.000000
0.26636228 0.68598038 1.55800009 0.000000
0.27780807 0.76848751 1.62400007 0.000000
0.27719414 0.69835788 1.59600008 0.000000
0.27286080 0.69171304 1.57100010 0.000000
0.28362447 0.77229202 1.63200009 0.000000
0.28381783 0.77726263 1.63300014 0.000000
0.28327313 0.51488221 1.60500002 0.000000
0.27959755 0.69355315 1.58500004 0.000000
0.28807274 0.77231139 1.63200009 0.000000
0.28473890 0.76776326 1.61300004 0.000000
0.28549531 0.50670803 1.59300005 0.000000
0.28602037 0.51198244 1.59600008 0.000000
0.28247875 0.69006151 1.57700002 0.000000
0.28177172 0.69261247 1.57300007 0.000000
0.29128745 0.77349585 1.62500012 0.000000
0.29073235 0.50828570 1.59800005 0.000000
0.28804436 0.69313395 1.58400011 0.000000
0.29808393 0.77970541 1.63800013 0.000000
0.29710421 0.51177174 1.60900009 0.000000
0.29346380 0.69576937 1.59000003 0.000000
0.30273536 0.78020370 1.63900006 0.000000
0.29924873 0.77562755 1.62000012 0.000000
0.30634618 0.52002853 1.63500011 0.000000
0.29591954 0.69140357 1.58000004 0.000000
0.30192390 0.70981693 1.61200011 0.000000
0.29710677 0.75889331 1.58500004 0.000000
0.31439859 0.52605861 1.65400004 0.000000
0.29926080 0.68491870 1.57500005 0.000000
0.29775116 0.68572539 1.56700003 0.000000
0.29719231 0.68869227 1.56400013 0.000000
0.30447346 0.76657808 1.60100007 0.000000
0.31042045 0.50769222 1.61000013 0.000000
0.31144032 0.69834042 1.61600006 0.000000
0.30721068 0.69319165 1.59400010 0.000000
0.30066872 0.68267316 1.56000006 0.000000
0.30710533 0.76229334 1.59200013 0.000000
0.30776685 0.49206543 1.57400012 0.000000
0.30951387 0.49916548 1.58300006 0.000000
0.31565529 0.70233506 1.61500013 0.000000
0.31273511 0.70018935 1.60000002 0.000000
0.31144661 0.49111480 1.57100010 0.000000
0.31301990 0.49789166 1.57900012 0.000000
0.31807116 0.69799763 1.60500002 0.000000
0.32046151 0.70764130 1.61700010 0.000000
0.30885130 0.74558455 1.55700004 0.000000
0.32194263 0.50079280 1.60200012 0.000000
0.31630313 0.49630257 1.57400012 0.000000
0.31601325 0.68409300 1.57300007 0.000000
0.31792724 0.75710374 1.58100009 0.000000
0.31453580 0.75328577 1.56400013 0.000000
0.31683570 0.67671186 1.55600011 0.000000
0.33395809 0.50138623 1.61800003 0.000000
0.32375634 0.68237835 1.56900012 0.000000
0.33939588 0.79139513 1.64300013 0.000000
0.32635769 0.67891222 1.56100011 0.000000
0.32658064 0.68362474 1.56200004 0.000000
0.32891595 0.67544651 1.55300009 0.000000
0.32871848 0.67926270 1.55200005 0.000000
0.35197562 0.79964715 1.66000009 0.000000
0.33379072 0.67676556 1.55600011 0.000000
0.33230397 0.67796475 1.54900002 0.000000
0.33716160 0.67504054 1.55200005 0.000000
0.33565637 0.67622966 1.54500008 0.000000
0.35604417 0.78863382 1.63700008 0.000000
0.33633178 0.66505182 1.52900004 0.000000
0.33920738 0.67493272 1.54200006 0.000000
0.33871749 0.66158777 1.52100003 0.000000
0.33606145 0.66050506 1.50900006 0.000000
0.34714642 0.66986859 1.54000008 0.000000
0.37465918 0.79982156 1.66000009 0.000000
0.35773277 0.68206537 1.56800008 0.000000
0.37809491 0.80203998 1.65500009 0.000000
0.36593282 0.68947846 1.58500004 0.000000
0.36534935 0.68036205 1.56400013 0.000000
0.36443433 0.68290234 1.56000006 0.000000
0.37056008 0.68212146 1.56800008 0.000000
0.37223467 0.68948925 1.57500005 0.000000
0.38009632 0.69171238 1.59000003 0.000000
0.37669691 0.67781174 1.55800009 0.000000
0.37507963 0.66739148 1.53400004 0.000000
0.37926587 0.66741323 1.53400004 0.000000
0.38892946 0.67273462 1.55600011 0.000000
0.38695237 0.67352706 1.54800010 0.000000
0.38559583 0.65978622 1.52600002 0.000000
0.39421058 0.67877179 1.56000006 0.000000
0.40530741 0.78516924 1.60100007 0.000000
0.38516414 0.65202630 1.50800002 0.000000
0.39949173 0.68053687 1.56400013 0.000000
0.40765119 0.78129625 1.59300005 0.000000
0.39521876 0.66199470 1.53100002 0.000000
0.39291999 0.66228610 1.52200007 0.000000
0.39994702 0.66709840 1.53300011 0.000000
0.41069883 0.67372006 1.55800009 0.000000
0.41599810 0.68670768 1.57800007 0.000000
0.41495523 0.67374671 1.55800009 0.000000
0.40672579 0.66454095 1.52700007 0.000000
0.41114032 0.66080034 1.52800012 0.000000
0.41116822 0.66500413 1.52800012 0.000000
0.52974623 0.95859474 1.96500015 0.000000
0.41151118 0.65477347 1.51400006 0.000000
0.40773422 0.65284663 1.50000012 0.000000
0.53589100 0.95463735 1.96800005 0.000000
0.52452219 0.93963724 1.92600012 0.000000
0.49068108 0.89375430 1.80100012 0.000000
0.41482627 0.65350437 1.51100004 0.000000
0.41320831 0.65505219 1.50500011 0.000000
0.51743478 0.91775095 1.88100004 0.000000
0.51337767 0.91564476 1.86600006 0.000000
0.47554410 0.85759532 1.72800004 0.000000
0.42311683 0.66002136 1.52600002 0.000000
0.42786136 0.67162275 1.54300010 0.000000
0.52295351 0.92356735 1.88200009 0.000000
0.47251490 0.84376717 1.70000005 0.000000
0.42701030 0.65961933 1.52500010 0.000000
0.42200133 0.65598428 1.50700009 0.000000
0.47438589 0.83887297 1.69000006 0.000000
0.43033379 0.65835297 1.52200007 0.000000
0.54369932 0.86319542 1.92200005 0.000000
0.53215045 0.84998351 1.88100004 0.000000
0.55195248 0.90818334 1.95000005 0.000000
0.55314648 0.91547370 1.95400012 0.000000
0.54839706 0.91289324 1.93700004 0.000000
0.43360981 0.65290391 1.51900005 0.000000
0.43135804 0.65362686 1.51100004 0.000000
0.53803939 0.86658686 1.88300014 0.000000
0.55495697 0.89912713 1.94200015 0.000000
0.55365169 0.90757173 1.93700004 0.000000
0.54028070 0.89080560 1.89000010 0.000000
0.56586021 0.94377297 1.97900009 0.000000
0.43286693 0.64562857 1.50200009 0.000000
0.43664640 0.65539032 1.51500010 0.000000
0.53864878 0.86446142 1.86700010 0.000000
0.55082768 0.88921005 1.90900004 0.000000
0.55146813 0.89545316 1.91100013 0.000000
0.52533370 0.86294180 1.82000005 0.000000
0.43642965 0.64893502 1.50000012 0.000000
0.56924468 0.91566855 1.95400012 0.000000
0.56698197 0.91733450 1.94600010 0.000000
0.49512365 0.84740514 1.69700003 0.000000
0.44406143 0.65416151 1.51200008 0.000000
0.57343781 0.91386199 1.95000005 0.000000
0.57850736 0.92730439 1.96700013 0.000000
0.53741735 0.90628135 1.82500005 0.000000
0.49244037 0.83499914 1.67200005 0.000000
0.45053828 0.65346766 1.52000010 0.000000
0.44820294 0.65419751 1.51200008 0.000000
0.44201455 0.64922523 1.49100006 0.000000
0.45410362 0.65264386 1.51800013 0.000000
0.45713240 0.66115773 1.52800012 0.000000
0.46248931 0.65870023 1.53200006 0.000000
0.46343353 0.66422522 1.53500009 0.000000
0.47941503 0.79523969 1.58300006 0.000000
0.46764171 0.66426504 1.53500009 0.000000
0.46535572 0.65103793 1.51400006 0.000000
0.46939206 0.66084373 1.52700007 0.000000
0.61819130 0.92510706 2.00900006 0.000000
0.60951543 0.94992679 1.97900009 0.000000
0.56988394 0.94370353 1.84700012 0.000000
0.55702943 0.92735237 1.80500007 0.000000
0.56454420 0.94486511 1.82900012 0.000000
0.46857744 0.64978790 1.51100004 0.000000
0.46148551 0.64400631 1.48800004 0.000000
0.57170206 0.85806519 1.84100008 0.000000
0.58078229 0.87679428 1.87000012 0.000000
0.58334386 0.88578463 1.87800014 0.000000
0.58932531 0.90004301 1.89700007 0.000000
0.59748566 0.91775310 1.92300010 0.000000
0.57458657 0.92294949 1.84700012 0.000000
0.57126248 0.93767828 1.83500004 0.000000
0.56919104 0.93927705 1.82800007 0.000000
0.46396270 0.63778728 1.48300004 0.000000
0.46619451 0.64491385 1.49000013 0.000000
0.57896519 0.86140132 1.84800005 0.000000
0.57246065 0.85670745 1.82700014 0.000000
0.59102625 0.88963705 1.88600004 0.000000
0.57037902 0.91318047 1.81700003 0.000000
0.50778031 0.82180089 1.61700010 0.000000
0.47024167 0.64083952 1.49000013 0.000000
0.46176261 0.63326979 1.46300006 0.000000
0.47815204 0.64604384 1.50200009 0.000000
0.48392722 0.65798777 1.52000010 0.000000
0.49030393 0.65684199 1.52700007 0.000000
0.49002925 0.66063160 1.52600002 0.000000
0.59241748 0.88411266 1.84100008 0.000000
0.52745283 0.83638662 1.63600004 0.000000
0.49417487 0.65645814 1.52600002 0.000000
0.49227935 0.65808165 1.52000010 0.000000
0.60149330 0.89516556 1.85300004 0.000000
0.51963729 0.81706119 1.59800005 0.000000
0.49995372 0.65442300 1.53100002 0.000000
0.49673551 0.65435457 1.52100003 0.000000
0.61255604 0.88869280 1.87200010 0.000000
0.60848689 0.89294225 1.85900009 0.000000
0.61578482 0.90878916 1.88100004 0.000000
0.49757531 0.64592099 1.51100004 0.000000
0.49169558 0.64235640 1.49300003 0.000000
0.61603779 0.90164030 1.86600006 0.000000
0.49082026 0.63595122 1.47800004 0.000000
0.48818988 0.62739474 1.45800006 0.000000
0.51071799 0.64692450 1.51300013 0.000000
0.50334322 0.64164656 1.49100006 0.000000
0.51176816 0.63896447 1.50400007 0.000000
0.51726478 0.64996982 1.52000010 0.000000
0.52038163 0.65805387 1.52900004 0.000000
0.52042133 0.64874059 1.51700008 0.000000
0.52771282 0.65264463 1.52600002 0.000000
0.52314872 0.63784862 1.50100005 0.000000
0.52738732 0.64714104 1.51300013 0.000000
0.53220421 0.64385408 1.51500010 0.000000
0.52874851 0.64377654 1.50500011 0.000000
0.54487920 0.65411216 1.53900003 0.000000
0.53290027 0.64383519 1.50500011 0.000000
0.52269077 0.63552535 1.47600007 0.000000
0.54805481 0.65289682 1.53600001 0.000000
0.54097921 0.64860153 1.51600003 0.000000
0.54474378 0.64403099 1.51500010 0.000000
0.55001462 0.64536834 1.51800013 0.000000
0.54982775 0.64032966 1.50600004 0.000000
0.55104804 0.63699234 1.49800003 0.000000
0.55074382 0.63195479 1.48600006 0.000000
0.54962867 0.62606716 1.47200012 0.000000
0.56830513 0.63852328 1.51100004 0.000000
0.54655743 0.61805296 1.45300007 0.000000
0.56680632 0.63225323 1.49600005 0.000000
0.56232959 0.63130903 1.48400009 0.000000
0.56675339 0.62767410 1.48500001 0.000000
0.56491637 0.62967867 1.48000002 0.000000
0.56971735 0.62647748 1.48200011 0.000000
0.56325418 0.62336898 1.46500003 0.000000
0.57274139 0.62940061 1.47900009 0.000000
0.58886778 0.62559104 1.48900008 0.000000
0.58973718 0.63058567 1.49100006 0.000000
0.59181219 0.62440878 1.48600006 0.000000
0.59348547 0.63024300 1.49000013 0.000000
0.59081334 0.62313336 1.47300005 0.000000
0.60412043 0.62877363 1.49600005 0.000000
0.58764547 0.61560059 1.45500004 0.000000
0.61194688 0.63264102 1.50500011 0.000000
0.61040670 0.63514912 1.50100005 0.000000
0.61532301 0.63188660 1.50300002 0.000000
0.62810445 0.64920318 1.53400004 0.000000
0.61415714 0.62650877 1.49000013 0.000000
0.61919349 0.63575065 1.50200009 0.000000
0.62703079 0.63542932 1.51100004 0.000000
0.60305119 0.61509961 1.45300007 0.000000
0.65297574 0.65739304 1.56300008 0.000000
0.61066234 0.61079764 1.45200002 0.000000
0.63960648 0.63148707 1.51100004 0.000000
0.60879755 0.60500044 1.43800008 0.000000
0.62934774 0.61737210 1.47700012 0.000000
0.61410230 0.60635668 1.44100010 0.000000
0.63048214 0.61454207 1.47000003 0.000000
0.61560780 0.59624279 1.42600012 0.000000
0.61178720 0.58881247 1.40800011 0.000000
0.61014664 0.59107423 1.40400004 0.000000
0.60913414 0.57897019 1.38400006 0.000000
0.61922795 0.58492810 1.39800012 0.000000
0.63341594 0.59465629 1.42100012 0.000000
0.64807665 0.60075200 1.44500005 0.000000
0.65666306 0.60501915 1.45500004 0.000000
0.66309452 0.61496687 1.46900010 0.000000
0.65929419 0.59980613 1.45200002 0.000000
0.66803449 0.61178547 1.47100008 0.000000
0.65516877 0.59248096 1.43400002 0.000000
0.65391046 0.59526187 1.43100011 0.000000
0.64324266 0.58206254 1.39900005 0.000000
0.63089854 0.56377566 1.36400008 0.000000
0.63702399 0.57302177 1.37700009 0.000000
0.62441236 0.55101871 1.34200001 0.000000
0.63708693 0.56595409 1.36900008 0.000000
0.65349168 0.58437431 1.40400004 0.000000
0.68615019 0.58187729 1.46700013 0.000000
0.66848499 0.57080907 1.42900002 0.000000
0.66812760 0.57441413 1.42800009 0.000000
0.66449642 0.57518131 1.42000008 0.000000
0.64705330 0.57144356 1.38200009 0.000000
0.67643571 0.56242961 1.43800008 0.000000
0.68124759 0.57039440 1.44800007 0.000000
0.68135744 0.57445085 1.44800007 0.000000
0.67629266 0.57411581 1.43700004 0.000000
0.67264026 0.57492900 1.42900002 0.000000
0.68970340 0.59352648 1.46500003 0.000000
0.63991123 0.55440104 1.35900009 0.000000
0.66604710 0.58479530 1.41400003 0.000000
0.67535508 0.54265529 1.42800009 0.000000
0.68680775 0.55583072 1.45200002 0.000000
0.68549275 0.55873197 1.44900012 0.000000
0.68228662 0.56006575 1.44200003 0.000000
0.67860830 0.56097198 1.43400002 0.000000
0.67871737 0.56498837 1.43400002 0.000000
0.68024850 0.57019818 1.43700004 0.000000
0.67752123 0.57183152 1.43100011 0.000000
0.67763638 0.57584876 1.43100011 0.000000
0.67728001 0.57946390 1.43000007 0.000000
0.66034591 0.56879556 1.39400005 0.000000
0.66425478 0.57600510 1.40200007 0.000000
0.66200691 0.57788551 1.39700007 0.000000
0.68832529 0.54593688 1.44700003 0.000000
0.68795151 0.54959732 1.44600010 0.000000
0.68757963 0.55325490 1.44500005 0.000000
0.68530595 0.55536699 1.44000006 0.000000
0.68160558 0.55628860 1.43200004 0.000000
0.68171459 0.56029856 1.43200004 0.000000
0.68087333 0.56352323 1.43000007 0.000000
0.67955774 0.56634295 1.42700005 0.000000
0.67681491 0.56794983 1.42100012 0.000000
0.67978966 0.57435602 1.42700005 0.000000
0.68038547 0.57877272 1.42800009 0.000000
0.66979247 0.58131886 1.40500009 0.000000
0.66419703 0.58028275 1.39300001 0.000000
0.70044518 0.54836696 1.46400011 0.000000
0.68236488 0.53811443 1.42600012 0.000000
0.68725348 0.54589981 1.43600011 0.000000
0.68592280 0.54876548 1.43300009 0.000000
0.68507254 0.55200297 1.43100011 0.000000
0.68374509 0.55484349 1.42800009 0.000000
0.68625051 0.56080103 1.43300009 0.000000
0.68684280 0.56521297 1.43400002 0.000000
0.68408412 0.56685489 1.42800009 0.000000
0.68036830 0.56766671 1.42000008 0.000000
0.67857027 0.57004696 1.41600001 0.000000
0.68444258 0.57889438 1.42800009 0.000000
0.66587043 0.56699413 1.38900006 0.000000
0.70499891 0.63659757 1.46800005 0.000000
0.68785888 0.62505418 1.43200004 0.000000
0.68629533 0.53423423 1.42600012 0.000000
0.68880486 0.54010439 1.43100011 0.000000
0.69083571 0.54562497 1.43500006 0.000000
0.68998015 0.54887271 1.43300009 0.000000
0.68768173 0.55095464 1.42800009 0.000000
0.68731105 0.55456585 1.42700005 0.000000
0.68886936 0.55974019 1.43000007 0.000000
0.69043016 0.56493443 1.43300009 0.000000
0.68910235 0.56776631 1.43000007 0.000000
0.68199253 0.56578630 1.41500008 0.000000
0.68307739 0.57057047 1.41700006 0.000000
0.65740812 0.56034350 1.36300004 0.000000
0.68746066 0.61723119 1.42300010 0.000000
0.70017475 0.63262779 1.44900012 0.000000
0.68824768 0.62576491 1.42400002 0.000000
0.68888712 0.63026345 1.42500007 0.000000
0.69759226 0.53995776 1.44100010 0.000000
0.69188821 0.53945464 1.42900002 0.000000
0.69247961 0.54383105 1.43000007 0.000000
0.69065160 0.54630041 1.42600012 0.000000
0.69221586 0.55145162 1.42900002 0.000000
0.69087589 0.55429035 1.42600012 0.000000
0.69292939 0.55985570 1.43000007 0.000000
0.69207788 0.56308079 1.42800009 0.000000
0.68928921 0.56470913 1.42200005 0.000000
0.68068397 0.56150782 1.40400004 0.000000
0.67547214 0.56102771 1.39300001 0.000000
0.68396765 0.57581824 1.41000009 0.000000
0.69040447 0.58514082 1.42300010 0.000000
0.67938912 0.60653532 1.39800012 0.000000
0.69314992 0.62273961 1.42600012 0.000000
0.69379240 0.62723964 1.42700005 0.000000
0.70124608 0.63794315 1.44200003 0.000000
0.70773304 0.64784610 1.45500004 0.000000
0.70838761 0.65245050 1.45600009 0.000000
0.71130532 0.54347754 1.46100008 0.000000
0.70751762 0.54456133 1.45300007 0.000000
0.69788659 0.54107225 1.43300009 0.000000
0.69409961 0.54203856 1.42500007 0.000000
0.69323647 0.54526210 1.42300010 0.000000
0.69383669 0.54963517 1.42400002 0.000000
0.69249010 0.55246174 1.42100012 0.000000
0.69406945 0.55762398 1.42400002 0.000000
0.69175160 0.55965102 1.41900003 0.000000
0.68894756 0.56125593 1.41300011 0.000000
0.67980498 0.55762988 1.39400005 0.000000
0.69397801 0.58486265 1.42200005 0.000000
0.70148718 0.62274271 1.43500006 0.000000
0.69039875 0.61678064 1.41200006 0.000000
0.69300157 0.62300217 1.41700006 0.000000
0.69267327 0.62660140 1.41600001 0.000000
0.71191925 0.64801413 1.45500004 0.000000
0.70083368 0.64186400 1.43200004 0.000000
0.71226400 0.65633702 1.45500004 0.000000
0.66609222 0.62128055 1.36000001 0.000000
0.70184284 0.53717339 1.43300009 0.000000
0.69950348 0.53929371 1.42800009 0.000000
0.69373590 0.53872567 1.41600001 0.000000
0.69041854 0.54000962 1.40900004 0.000000
0.69298327 0.54588997 1.41400003 0.000000
0.69604105 0.55219012 1.42000008 0.000000
0.69567019 0.55578524 1.41900003 0.000000
0.69481111 0.55898350 1.41700006 0.000000
0.69689649 0.56455743 1.42100012 0.000000
0.68612695 0.57117712 1.39800012 0.000000
0.68086052 0.57059956 1.38700008 0.000000
0.68885100 0.58114731 1.40300012 0.000000
0.69445777 0.61693817 1.41200006 0.000000
0.69068265 0.61744601 1.40400004 0.000000
0.69182897 0.62233865 1.40600002 0.000000
0.69790035 0.63170207 1.41800010 0.000000
0.71382320 0.65010548 1.45000005 0.000000
0.68955207 0.63571113 1.40000010 0.000000
0.68005139 0.63455641 1.38000011 0.000000
0.69551140 0.65287066 1.41100001 0.000000
0.70901054 0.66950613 1.43800008 0.000000
0.68503767 0.65069890 1.38900006 0.000000
0.70246297 0.53465885 1.42600012 0.000000
0.70158917 0.53789443 1.42400002 0.000000
0.70022446 0.54074121 1.42100012 0.000000
0.69294709 0.53897393 1.40600002 0.000000
0.69306332 0.54291761 1.40600002 0.000000
0.69959104 0.55192071 1.41900003 0.000000
0.71006793 0.56413394 1.44000006 0.000000
0.69983667 0.55989635 1.41900003 0.000000
0.67406869 0.55052394 1.36600006 0.000000
0.66926128 0.55031854 1.35600007 0.000000
0.68814951 0.56967592 1.39400005 0.000000
0.68828505 0.57361472 1.39400005 0.000000
0.69731224 0.58501488 1.41200006 0.000000
0.69350284 0.58567464 1.40400004 0.000000
0.70479059 0.63047349 1.42400002 0.000000
0.70545596 0.63499093 1.42500007 0.000000
0.70711493 0.64041555 1.42800009 0.000000
0.69936681 0.63728648 1.41200006 0.000000
0.70796674 0.64905918 1.42900002 0.000000
0.70269847 0.64813614 1.41800010 0.000000
0.69445634 0.64439493 1.40100002 0.000000
0.71199536 0.66462815 1.43600011 0.000000
0.67895967 0.63756514 1.36900008 0.000000
0.69105303 0.65276319 1.39300001 0.000000
0.72666550 0.52591544 1.46800005 0.000000
0.72429496 0.52820444 1.46300006 0.000000
0.72440147 0.53228736 1.46300006 0.000000
0.73193830 0.54187226 1.47800004 0.000000
0.74157584 0.55720752 1.49700010 0.000000
0.71444333 0.54077077 1.44200003 0.000000
0.71108973 0.54216403 1.43500006 0.000000
0.70724154 0.54314035 1.42700005 0.000000
0.71033394 0.54944271 1.43300009 0.000000
0.70549709 0.54960209 1.42300010 0.000000
0.74009752 0.58883280 1.49200010 0.000000
0.73987424 0.59683669 1.49100006 0.000000
0.68356544 0.55897278 1.37700009 0.000000
0.69462276 0.57185525 1.39900005 0.000000
0.70916313 0.58774674 1.42800009 0.000000
0.70384318 0.58722919 1.41700006 0.000000
0.73446918 0.65745080 1.47500002 0.000000
0.69381011 0.62489146 1.39300001 0.000000
0.72256821 0.65878308 1.45000005 0.000000
0.71428335 0.65517884 1.43300009 0.000000
0.69322085 0.64352483 1.39000010 0.000000
0.72684634 0.52315384 1.46000004 0.000000
0.72994035 0.52939439 1.46600008 0.000000
0.72556740 0.53021246 1.45700002 0.000000
0.72866607 0.53648353 1.46300006 0.000000
0.73475659 0.54500788 1.47500002 0.000000
0.73038852 0.54578394 1.46600008 0.000000
0.72103804 0.54276150 1.44700003 0.000000
0.72514307 0.54983878 1.45500004 0.000000
0.73224235 0.55924815 1.46900010 0.000000
0.71890557 0.55301523 1.44200003 0.000000
0.71902966 0.55706435 1.44200003 0.000000
0.69372123 0.54127127 1.39100003 0.000000
0.71928465 0.56517196 1.44200003 0.000000
0.68701053 0.55870086 1.37600005 0.000000
0.68564880 0.56136358 1.37300003 0.000000
0.70027232 0.57718688 1.40200007 0.000000
0.71190673 0.59069079 1.42500007 0.000000
0.69156837 0.57761812 1.38400006 0.000000
0.67149359 0.61623526 1.33900011 0.000000
0.72748715 0.52075160 1.45300007 0.000000
0.73009908 0.52661395 1.45800006 0.000000
0.73020971 0.53068691 1.45800006 0.000000
0.72781783 0.53292871 1.45300007 0.000000
0.72242135 0.53292781 1.44200003 0.000000
0.71602309 0.53212345 1.42900002 0.000000
0.72014898 0.53912777 1.43700004 0.000000
0.73229796 0.55222756 1.46100008 0.000000
0.73192024 0.55594528 1.46000004 0.000000
0.72502649 0.55467379 1.44600010 0.000000
0.72013849 0.55487239 1.43600011 0.000000
0.71675563 0.55618548 1.42900002 0.000000
0.70986223 0.55471820 1.41500008 0.000000
0.68242037 0.55193317 1.35900009 0.000000
0.68557113 0.55823052 1.36500001 0.000000
0.68671620 0.56291825 1.36700010 0.000000
0.70645499 0.58296186 1.40600002 0.000000
0.69504565 0.57734782 1.38300002 0.000000
0.68463928 0.57244766 1.36200011 0.000000
0.66819745 0.56235427 1.32900012 0.000000
0.71802258 0.51118129 1.42600012 0.000000
0.73122442 0.52455705 1.45200002 0.000000
0.73889208 0.53407627 1.46700013 0.000000
0.73296273 0.53377688 1.45500004 0.000000
0.72048366 0.52860767 1.43000007 0.000000
0.71556145 0.52888817 1.42000008 0.000000
0.71971172 0.53587002 1.42800009 0.000000
0.72890627 0.54668033 1.44600010 0.000000
0.73104781 0.55226249 1.45000005 0.000000
0.72814971 0.55403346 1.44400012 0.000000
0.72575706 0.55616015 1.43900001 0.000000
0.72336596 0.55826205 1.43400002 0.000000
0.72248983 0.56151533 1.43200004 0.000000
0.70197862 0.56466383 1.39000010 0.000000
0.67787576 0.54896247 1.34200001 0.000000
0.71944499 0.58653933 1.42400002 0.000000
0.70190996 0.57606119 1.38900006 0.000000
0.72581643 0.59962887 1.43600011 0.000000
0.68906927 0.57301813 1.36300004 0.000000
0.69023341 0.57774025 1.36500001 0.000000
0.70707989 0.59568685 1.39800012 0.000000
0.74295598 0.53008986 1.46700013 0.000000
0.74307185 0.53419209 1.46700013 0.000000
0.73609740 0.53315997 1.45300007 0.000000
0.72405595 0.52835500 1.42900002 0.000000
0.71961433 0.52900648 1.42000008 0.000000
0.72632396 0.53786790 1.43300009 0.000000
0.73101032 0.54529262 1.44200003 0.000000
0.73265839 0.55048519 1.44500005 0.000000
0.73228085 0.55416268 1.44400012 0.000000
0.73089087 0.55706453 1.44100010 0.000000
0.72848809 0.55917394 1.43600011 0.000000
0.72507191 0.56047380 1.42900002 0.000000
0.68935722 0.55524069 1.35700011 0.000000
0.73996258 0.60400599 1.45600009 0.000000
0.70164537 0.58031994 1.38000011 0.000000
0.69671738 0.58001292 1.37000012 0.000000
0.70806712 0.59329170 1.39200008 0.000000
0.73367083 0.61871386 1.44200003 0.000000
0.72065496 0.51141191 1.41500008 0.000000
0.74420047 0.53212494 1.46100008 0.000000
0.74177301 0.53438020 1.45600009 0.000000
0.73221338 0.53143287 1.43700004 0.000000
0.72927809 0.53322613 1.43100011 0.000000
0.72991168 0.53761655 1.43200004 0.000000
0.73309678 0.54390681 1.43800008 0.000000
0.73373568 0.54832852 1.43900001 0.000000
0.73437709 0.55275899 1.44000006 0.000000
0.73298085 0.55565166 1.43700004 0.000000
0.73158622 0.55853063 1.43400002 0.000000
0.72611147 0.55825752 1.42300010 0.000000
0.72114718 0.55832082 1.41300011 0.000000
0.71873575 0.56032079 1.40800011 0.000000
0.70886147 0.58694774 1.38600004 0.000000
0.71260619 0.59388244 1.39300001 0.000000
0.72249568 0.60601151 1.41200006 0.000000
0.73085707 0.61695707 1.42800009 0.000000
0.74298376 0.53636414 1.45000005 0.000000
0.73900968 0.53744996 1.44200003 0.000000
0.73298615 0.53699189 1.43000007 0.000000
0.73414004 0.54176599 1.43200004 0.000000
0.73529655 0.54655439 1.43400002 0.000000
0.73286587 0.54866952 1.42900002 0.000000
0.72735894 0.54843915 1.41800010 0.000000
0.72595662 0.55126667 1.41500008 0.000000
0.73020053 0.55839700 1.42300010 0.000000
0.72982931 0.56201887 1.42200005 0.000000
0.71765363 0.55648315 1.39800012 0.000000
0.69435811 0.57186198 1.35000002 0.000000
0.71681267 0.59802723 1.39300001 0.000000
0.72367716 0.60762686 1.40600002 0.000000
0.72900325 0.61600012 1.41600001 0.000000
0.73793966 0.62750041 1.43300009 0.000000
0.75718534 0.64791787 1.47000003 0.000000
0.77303129 0.55919987 1.50000012 0.000000
0.72923404 0.54304439 1.41400003 0.000000
0.72730732 0.54548103 1.41000009 0.000000
0.72692996 0.54906756 1.40900004 0.000000
0.73326313 0.55775422 1.42100012 0.000000
0.73443985 0.56255871 1.42300010 0.000000
0.73820066 0.56936884 1.43000007 0.000000
0.71982259 0.59734172 1.39100003 0.000000
0.73674542 0.61922842 1.42300010 0.000000
0.73834848 0.54301101 1.42400002 0.000000
0.73278165 0.54279697 1.41300011 0.000000
0.73551428 0.54871547 1.41800010 0.000000
0.74136305 0.55700421 1.42900002 0.000000
0.73061174 0.55279487 1.40800011 0.000000
0.74113774 0.56468326 1.42800009 0.000000
0.74803668 0.57390040 1.44100010 0.000000
0.76221001 0.58881009 1.46800005 0.000000
0.72977203 0.58307165 1.40400004 0.000000
0.74345595 0.59794122 1.43000007 0.000000
0.71918738 0.58223063 1.38300002 0.000000
0.74804252 0.54330301 1.43500006 0.000000
0.74557471 0.54543751 1.43000007 0.000000
0.74467278 0.54869980 1.42800009 0.000000
0.74846703 0.55543768 1.43500006 0.000000
0.75122190 0.56143868 1.44000006 0.000000
0.75189310 0.56590050 1.44100010 0.000000
0.72960395 0.55296767 1.39800012 0.000000
0.71362579 0.57092673 1.36500001 0.000000
0.74726057 0.60177153 1.42900002 0.000000
0.74953103 0.60754770 1.43300009 0.000000
0.76279223 0.62231439 1.45800006 0.000000
0.74889129 0.53714597 1.42900002 0.000000
0.75007844 0.54192734 1.43100011 0.000000
0.75231677 0.54748625 1.43500006 0.000000
0.74931479 0.54922748 1.42900002 0.000000
0.76571929 0.56526339 1.46000004 0.000000
0.77688706 0.57757795 1.48100007 0.000000
0.74503845 0.55780351 1.42000008 0.000000
0.73301476 0.58720654 1.39400005 0.000000
0.73003602 0.58864522 1.38800001 0.000000
0.73758042 0.59859288 1.40200007 0.000000
0.73549128 0.58611959 1.39100003 0.000000
0.73355544 0.58840024 1.38700008 0.000000
0.73709756 0.59892493 1.39300001 0.000000
0.73728657 0.60292125 1.39300001 0.000000
0.73582971 0.58334893 1.38400006 0.000000
0.74345690 0.59325045 1.39800012 0.000000
0.74151599 0.59554636 1.39400005 0.000000
0.73904490 0.59739375 1.38900006 0.000000
0.73817223 0.60051566 1.38700008 0.000000
0.74741668 0.61191148 1.40400004 0.000000
0.74326938 0.59004140 1.39000010 0.000000
0.74613267 0.59616315 1.39500010 0.000000
0.74151039 0.59629482 1.38600004 0.000000
0.74331039 0.60157645 1.38900006 0.000000
0.74511445 0.60688001 1.39200008 0.000000
0.74411684 0.58768272 1.38400006 0.000000
0.75291300 0.59849352 1.40000010 0.000000
0.76709610 0.61370420 1.42600012 0.000000
0.73878151 0.59484285 1.37300003 0.000000
0.74349016 0.60626489 1.38100004 0.000000
0.76200676 0.62527436 1.41500008 0.000000
0.74606192 0.61601925 1.38500011 0.000000
0.78352165 0.61964452 1.44900012 0.000000
0.76804340 0.61132491 1.42000008 0.000000
0.73687041 0.59027493 1.36200011 0.000000
0.74031848 0.59681672 1.36800003 0.000000
0.75838703 0.61525494 1.40100002 0.000000
0.75318569 0.61488074 1.39100003 0.000000
0.75231779 0.61801314 1.38900006 0.000000
0.74603474 0.61666071 1.37700009 0.000000
0.79560959 0.63004953 1.46300006 0.000000
0.76536357 0.60998511 1.40700006 0.000000
0.74326587 0.59614909 1.36600006 0.000000
0.76361221 0.61634707 1.40300012 0.000000
0.76219612 0.61907589 1.40000010 0.000000
0.75261396 0.61511600 1.38200009 0.000000
0.75610328 0.62180853 1.38800001 0.000000
0.77465612 0.61818606 1.41600001 0.000000
0.76228946 0.61216986 1.39300001 0.000000
0.75375074 0.60912216 1.37700009 0.000000
0.75506610 0.61400115 1.37900007 0.000000
0.76702309 0.63147742 1.40000010 0.000000
0.76168668 0.61244011 1.38400006 0.000000
-0.88120967 0.66112369 1.69600010 1.000000
-0.87632442 0.66095316 1.69600010 1.000000
-0.87668926 0.68452770 1.69500005 1.000000
-0.87607014 0.66429228 1.70500004 1.000000
-0.87983572 0.67184919 1.71200013 1.000000
-0.87128299 0.68394178 1.69400012 1.000000
-0.86323386 0.68223625 1.67800009 1.000000
-0.85930085 0.68371975 1.67000008 1.000000
-0.85794252 0.68722355 1.66700006 1.000000
-0.86585265 0.69818652 1.68200004 1.000000
-0.87474877 0.66685379 1.71200013 1.000000
-0.87184817 0.66932636 1.70600009 1.000000
-0.87303841 0.67493051 1.70800006 1.000000
-0.87781084 0.68333602 1.71700013 1.000000
-0.86691189 0.68416655 1.69500005 1.000000
-0.85532498 0.67961729 1.67200005 1.000000
-0.84834111 0.67862570 1.65800011 1.000000
-0.85466331 0.68827474 1.67000008 1.000000
-0.87085319 0.66746992 1.71400011 1.000000
-0.86898315 0.67073035 1.71000004 1.000000
-0.86559051 0.67278719 1.70300007 1.000000
-0.87694216 0.68634707 1.72500002 1.000000
-0.87406397 0.68881565 1.71900010 1.000000
-0.86813611 0.68883336 1.70700014 1.000000
-0.85661328 0.68431735 1.68400013 1.000000
-0.85424680 0.68704104 1.67900014 1.000000
-0.85493559 0.69221288 1.68000007 1.000000
-0.87184650 0.66712546 1.72600007 1.000000
-0.87368125 0.67801887 1.72900009 1.000000
-0.87283438 0.68210185 1.72700012 1.000000
-0.87502307 0.68856430 1.73100007 1.000000
-0.87215936 0.69104737 1.72500002 1.000000
-0.86778039 0.69229054 1.71600008 1.000000
-0.85783887 0.68901819 1.69600010 1.000000
-0.85548484 0.69177330 1.69100010 1.000000
-0.87962389 0.68155509 1.75100005 1.000000
-0.85514480 0.68126589 1.70100009 1.000000
-0.85128903 0.68284249 1.69300008 1.000000
-0.84693164 0.68397194 1.68400013 1.000000
-0.85364205 0.69405240 1.69700003 1.000000
-0.87911469 0.68490034 1.76000011 1.000000
-0.84527224 0.67709798 1.69100010 1.000000
-0.84193528 0.67904747 1.68400013 1.000000
-0.84210026 0.68380404 1.68400013 1.000000
-0.84626931 0.69183576 1.69200003 1.000000
-0.85094333 0.70032877 1.70100009 1.000000
-0.85812390 0.71094990 1.71500003 1.000000
-0.87111038 0.68241113 1.75400007 1.000000
-0.86580056 0.68303126 1.74300003 1.000000
-0.85484600 0.68854737 1.72000003 1.000000
-0.83860421 0.68009496 1.68700004 1.000000
-0.83379447 0.68079740 1.67700005 1.000000
-0.83395851 0.68553537 1.67700005 1.000000
-0.84059161 0.69562858 1.69000006 1.000000
-0.84026533 0.69999748 1.68900013 1.000000
-0.85636246 0.71813518 1.72100008 1.000000
-0.86364013 0.68031484 1.74900007 1.000000
-0.86527246 0.68640417 1.75200009 1.000000
-0.83723903 0.68275708 1.69400012 1.000000
-0.83196110 0.68307149 1.68300009 1.000000
-0.82915610 0.68537146 1.67700005 1.000000
-0.82882547 0.68969923 1.67600012 1.000000
-0.83559322 0.70460838 1.68900013 1.000000
-0.84368438 0.71611476 1.70500004 1.000000
-0.86798680 0.68755579 1.76800013 1.000000
-0.87157351 0.69526231 1.77500010 1.000000
-0.85238886 0.69423354 1.73500013 1.000000
-0.83436537 0.68421197 1.69800007 1.000000
-0.82764196 0.68331867 1.68400013 1.000000
-0.82288486 0.68398482 1.67400002 1.000000
-0.82894540 0.69364971 1.68600011 1.000000
-0.83451927 0.70297247 1.69700003 1.000000
-0.82658941 0.68164051 1.69200003 1.000000
-0.81892514 0.67991745 1.67600012 1.000000
-0.82152367 0.68668669 1.68100011 1.000000
-0.83145797 0.69965792 1.70100009 1.000000
-0.81739628 0.67786485 1.68300009 1.000000
-0.81560314 0.68098217 1.67900014 1.000000
-0.81769878 0.68734819 1.68300009 1.000000
-0.84166580 0.71224600 1.73200011 1.000000
-0.82129645 0.68496603 1.70100009 1.000000
-0.81082082 0.68083274 1.67900014 1.000000
-0.81435120 0.68842053 1.68600011 1.000000
-0.82561523 0.70263004 1.70900011 1.000000
-0.82989937 0.69609302 1.72900009 1.000000
-0.81420505 0.68757814 1.69600010 1.000000
-0.80667049 0.68582129 1.68000007 1.000000
-0.81498402 0.69754273 1.69700003 1.000000
-0.80795336 0.68621689 1.69300008 1.000000
-0.80189317 0.68567479 1.68000007 1.000000
-0.81158775 0.69862491 1.70000005 1.000000
-0.81439114 0.69097596 1.71700013 1.000000
-0.80172390 0.68485892 1.69000006 1.000000
-0.80328929 0.69083577 1.69300008 1.000000
-0.82478929 0.71408975 1.73800004 1.000000
-0.80103815 0.68359482 1.69900012 1.000000
-0.79645979 0.68431473 1.68900013 1.000000
-0.79990023 0.69191766 1.69600010 1.000000
-0.79575914 0.68305796 1.69800007 1.000000
-0.79354995 0.68579859 1.69300008 1.000000
-0.79368663 0.69055444 1.69300008 1.000000
-0.80353355 0.69378531 1.72500002 1.000000
-0.78875893 0.68566465 1.69300008 1.000000
-0.79029071 0.69164133 1.69600010 1.000000
-0.80068064 0.70544040 1.71800005 1.000000
-0.79323399 0.69363171 1.71300006 1.000000
-0.78734595 0.69313812 1.70000005 1.000000
-0.79906082 0.70817560 1.72500002 1.000000
-0.79115742 0.69593054 1.71900010 1.000000
-0.78622454 0.69626749 1.70800006 1.000000
-0.79096091 0.70516622 1.71800005 1.000000
-0.79990208 0.70304662 1.74900007 1.000000
-0.78219044 0.69215947 1.71000004 1.000000
-0.77820033 0.69328475 1.70100009 1.000000
-0.78473544 0.70380199 1.71500003 1.000000
-0.77509713 0.69001114 1.70500004 1.000000
-0.76703745 0.68745309 1.68700004 1.000000
-0.78126019 0.70490265 1.71800005 1.000000
-0.76351875 0.68381977 1.69000006 1.000000
-0.77086926 0.69507110 1.70600009 1.000000
-0.77596498 0.70436466 1.71700013 1.000000
-0.76493227 0.68459928 1.70400012 1.000000
-0.76055962 0.68531960 1.69400012 1.000000
-0.76427060 0.69331974 1.70200002 1.000000
-0.76014471 0.68448472 1.70400012 1.000000
-0.75044370 0.68034941 1.68200004 1.000000
-0.74386561 0.67894554 1.66700006 1.000000
-0.75669110 0.68557733 1.70700014 1.000000
-0.74837977 0.68266290 1.68800008 1.000000
-0.74760640 0.68656838 1.68600011 1.000000
-0.74937004 0.68780839 1.70100009 1.000000
-0.75609118 0.69866961 1.71600008 1.000000
-0.74109882 0.68446445 1.69300008 1.000000
-0.74777496 0.69530004 1.70800006 1.000000
-0.73200655 0.68031532 1.68300009 1.000000
-0.72599906 0.67899889 1.68000007 1.000000
-0.72430563 0.68172604 1.68700004 1.000000
-0.71660513 0.67879808 1.68000007 1.000000
-0.71542460 0.68226188 1.67700005 1.000000
-0.71478432 0.67683023 1.68700004 1.000000
-0.70682842 0.67385298 1.66800010 1.000000
-0.70607734 0.67768830 1.66600013 1.000000
-0.71134168 0.67794031 1.69000006 1.000000
-0.69922709 0.67093104 1.66100013 1.000000
-0.69595283 0.67230451 1.65300012 1.000000
-0.69710451 0.67326236 1.66700006 1.000000
-0.69803327 0.67871761 1.66900003 1.000000
-0.69536728 0.67599893 1.67400002 1.000000
-0.69587332 0.68106496 1.67500007 1.000000
-0.68988085 0.67510283 1.67200005 1.000000
-0.68873137 0.67853504 1.66900003 1.000000
-0.68768746 0.67743874 1.67800009 1.000000
-0.68490505 0.67925972 1.67100012 1.000000
-0.68098629 0.67533559 1.67300010 1.000000
-0.67822117 0.67714107 1.66600013 1.000000
-0.67714578 0.67606014 1.67500007 1.000000
-0.67399400 0.67746323 1.66700006 1.000000
-0.67169136 0.67517227 1.67300010 1.000000
-0.66585219 0.67388278 1.67000008 1.000000
-0.66792470 0.68055093 1.67500007 1.000000
-0.65330154 0.66573644 1.65000010 1.000000
-0.65812927 0.67519063 1.66200006 1.000000
-0.65069383 0.66767943 1.65500009 1.000000
-0.65194786 0.67348939 1.65800011 1.000000
-0.66382194 0.69036126 1.68800008 1.000000
-0.64845151 0.67002720 1.66100013 1.000000
-0.64813393 0.67422718 1.66000009 1.000000
-0.64307761 0.66914940 1.65900004 1.000000
-0.64392406 0.67456049 1.66100013 1.000000
-0.63964164 0.67028993 1.66200006 1.000000
-0.64009601 0.67530143 1.66300011 1.000000
-0.63466334 0.66981906 1.66100013 1.000000
-0.63358462 0.67320180 1.65800011 1.000000
-0.63862228 0.68311161 1.67100012 1.000000
-0.63234824 0.67217231 1.66700006 1.000000
-0.62748271 0.67151022 1.65400004 1.000000
-0.62830907 0.67691028 1.65600014 1.000000
-0.62924939 0.67372048 1.67100012 1.000000
-0.62215859 0.67063254 1.65200007 1.000000
-0.62034106 0.67316413 1.64700007 1.000000
-0.62078506 0.67813998 1.64800012 1.000000
-0.61834329 0.67138028 1.65400004 1.000000
-0.61616427 0.67350733 1.64800012 1.000000
-0.61398625 0.67560387 1.64200008 1.000000
-0.61668468 0.66996783 1.66200006 1.000000
-0.61377722 0.67131776 1.65400004 1.000000
-0.61235529 0.67426062 1.65000010 1.000000
-0.60945004 0.67553848 1.64200008 1.000000
-0.61174273 0.68257338 1.64800012 1.000000
-0.60841739 0.66587752 1.65200007 1.000000
-0.60626662 0.66801000 1.64600003 1.000000
-0.60595900 0.67215508 1.64500010 1.000000
-0.60528451 0.67588609 1.64300013 1.000000
-0.60719067 0.68250769 1.64800012 1.000000
-0.60313171 0.66501373 1.65000010 1.000000
-0.60245830 0.66876262 1.64800012 1.000000
-0.60178626 0.67250299 1.64600003 1.000000
-0.60264087 0.68244356 1.64800012 1.000000
-0.59936655 0.67032802 1.65200007 1.000000
-0.60160148 0.67734617 1.65800011 1.000000
-0.59625489 0.67189467 1.65600014 1.000000
-0.59775168 0.67810506 1.66000009 1.000000
-0.58883560 0.66859406 1.64800012 1.000000
-0.58817565 0.67232996 1.64600003 1.000000
-0.58217150 0.66610688 1.64200008 1.000000
-0.58257920 0.67104995 1.64300013 1.000000
-0.57765323 0.66605532 1.64200008 1.000000
-0.57594573 0.66854644 1.63700008 1.000000
-0.57483315 0.66349018 1.64700007 1.000000
-0.57278776 0.66559952 1.64100003 1.000000
-0.57179075 0.66890323 1.63800013 1.000000
-0.56822854 0.66102564 1.64100003 1.000000
-0.56689072 0.66392833 1.63700008 1.000000
-0.56520778 0.66640300 1.63200009 1.000000
-0.56239164 0.66388100 1.63700008 1.000000
-0.56106478 0.66676271 1.63300014 1.000000
-0.55853128 0.66012949 1.63900006 1.000000
-0.55584955 0.66140193 1.63100004 1.000000
-0.55350965 0.66304088 1.62400007 1.000000
-0.55335546 0.65928066 1.63700008 1.000000
-0.55001825 0.65973544 1.62700009 1.000000
-0.54634380 0.65972906 1.61600006 1.000000
-0.55221564 0.66326576 1.64700007 1.000000
-0.54890490 0.66374695 1.63700008 1.000000
-0.54593033 0.66458356 1.62800002 1.000000
-0.54707319 0.66694832 1.64500010 1.000000
-0.54611784 0.67025495 1.64200008 1.000000
-0.54581863 0.66640627 1.65500009 1.000000
-0.54223067 0.66650176 1.64400005 1.000000
-0.54194194 0.67062068 1.64300013 1.000000
-0.53899187 0.66354895 1.64800012 1.000000
-0.53510553 0.66321868 1.63600004 1.000000
-0.53350979 0.66568172 1.63100004 1.000000
-0.51686710 0.64921832 1.58000004 1.000000
-0.53642106 0.66592717 1.65400004 1.000000
-0.53029633 0.66277486 1.63500011 1.000000
-0.52903736 0.66564202 1.63100004 1.000000
-0.52486008 0.66479164 1.61800003 1.000000
-0.53156787 0.66548824 1.65300012 1.000000
-0.52806669 0.66557497 1.64200008 1.000000
-0.52488798 0.66601163 1.63200009 1.000000
-0.52576488 0.66384262 1.64900005 1.000000
-0.52324927 0.66513342 1.64100003 1.000000
-0.52232903 0.66842270 1.63800013 1.000000
-0.51630741 0.66512460 1.61900008 1.000000
-0.51682425 0.65817291 1.63500011 1.000000
-0.51780647 0.66388237 1.63800013 1.000000
-0.51752549 0.66797829 1.63700008 1.000000
-0.52546602 0.68275189 1.66200006 1.000000
-0.51140863 0.65693259 1.63200009 1.000000
-0.51206803 0.66222721 1.63400006 1.000000
-0.51335567 0.66835105 1.63800013 1.000000
-0.51558501 0.67573154 1.64500010 1.000000
-0.50632119 0.65609604 1.63000011 1.000000
-0.50604218 0.66016811 1.62900007 1.000000
-0.50793892 0.66709286 1.63500011 1.000000
-0.50340128 0.65807807 1.63500011 1.000000
-0.50435561 0.66378361 1.63800013 1.000000
-0.50839055 0.67358762 1.65100002 1.000000
-0.51242733 0.68346548 1.66400003 1.000000
-0.49953964 0.65885353 1.63700008 1.000000
-0.50201070 0.66658944 1.64500010 1.000000
-0.50753510 0.67845100 1.66300011 1.000000
-0.51061982 0.68712813 1.67300010 1.000000
-0.50017685 0.66112924 1.65400004 1.000000
-0.49959975 0.66486186 1.65200007 1.000000
-0.49841893 0.66777521 1.64800012 1.000000
-0.50177592 0.67678779 1.65900004 1.000000
-0.49538332 0.66523647 1.65300012 1.000000
-0.49151510 0.66450477 1.64000010 1.000000
-0.49124420 0.66859883 1.63900006 1.000000
-0.49056864 0.66480720 1.65200007 1.000000
-0.48584396 0.66285628 1.63600004 1.000000
-0.48557484 0.66693830 1.63500011 1.000000
-0.49035591 0.67799819 1.65100002 1.000000
-0.48546633 0.66397661 1.65000010 1.000000
-0.48019597 0.66120893 1.63200009 1.000000
-0.47963426 0.66487092 1.63000011 1.000000
-0.48849022 0.68166453 1.66000009 1.000000
-0.47804394 0.65992779 1.64000010 1.000000
-0.47544521 0.66077805 1.63100004 1.000000
-0.47576258 0.66565984 1.63200009 1.000000
-0.48074573 0.67711920 1.64900005 1.000000
-0.47471985 0.66151345 1.64400005 1.000000
-0.47041225 0.65994304 1.62900007 1.000000
-0.47014832 0.66400242 1.62800002 1.000000
-0.47306234 0.67257518 1.63800013 1.000000
-0.47137490 0.66309994 1.64800012 1.000000
-0.46624929 0.66032428 1.63000011 1.000000
-0.46512899 0.66316175 1.62600005 1.000000
-0.46801475 0.67172766 1.63600004 1.000000
-0.46687576 0.66307777 1.64800012 1.000000
-0.46123174 0.65949106 1.62800002 1.000000
-0.46125484 0.66395336 1.62800002 1.000000
-0.46212903 0.66964942 1.63100004 1.000000
-0.46041360 0.66024011 1.64100003 1.000000
-0.45875141 0.66230458 1.63500011 1.000000
-0.45849314 0.66637713 1.63400006 1.000000
-0.46020013 0.67332023 1.64000010 1.000000
-0.45982522 0.66585237 1.65500009 1.000000
-0.45484453 0.66309333 1.63700008 1.000000
-0.45486599 0.66757810 1.63700008 1.000000
-0.46155766 0.68191814 1.66100013 1.000000
-0.45833588 0.67025810 1.66600013 1.000000
-0.45147768 0.66469300 1.64100003 1.000000
-0.45094815 0.66837221 1.63900006 1.000000
-0.45427161 0.67778975 1.65100002 1.000000
-0.44916058 0.66339988 1.64900005 1.000000
-0.44563839 0.66264808 1.63600004 1.000000
-0.44456857 0.66549695 1.63200009 1.000000
-0.44867563 0.67612565 1.64700007 1.000000
-0.44601125 0.66539335 1.65400004 1.000000
-0.44171476 0.66343921 1.63800013 1.000000
-0.44200346 0.66833138 1.63900006 1.000000
-0.43989918 0.66296238 1.64800012 1.000000
-0.43698022 0.66301608 1.63700008 1.000000
-0.43726543 0.66790450 1.63800013 1.000000
-0.43861952 0.67444235 1.64300013 1.000000
-0.43857622 0.66777319 1.66000009 1.000000
-0.43330875 0.66421378 1.64000010 1.000000
-0.43385470 0.66951710 1.64200008 1.000000
-0.43440169 0.67483330 1.64400005 1.000000
-0.44137219 0.67902064 1.68800008 1.000000
-0.42857561 0.66379207 1.63900006 1.000000
-0.42780787 0.66705292 1.63600004 1.000000
-0.42782563 0.67153084 1.63600004 1.000000
-0.42874995 0.66653544 1.65700006 1.000000
-0.42410746 0.66377616 1.63900006 1.000000
-0.42282963 0.66622066 1.63400006 1.000000
-0.42129388 0.66822934 1.62800002 1.000000
-0.42602620 0.66933674 1.66400003 1.000000
-0.42040801 0.66497588 1.64200008 1.000000
-0.41811901 0.66579688 1.63300014 1.000000
-0.41659895 0.66780192 1.62700009 1.000000
-0.41517305 0.66374654 1.63900006 1.000000
-0.41392112 0.66618919 1.63400006 1.000000
-0.41266996 0.66860646 1.62900007 1.000000
-0.41020566 0.66292280 1.63700008 1.000000
-0.41072074 0.66821295 1.63900006 1.000000
-0.41123682 0.67351604 1.64100003 1.000000
-0.40599325 0.66331458 1.63800013 1.000000
-0.40675011 0.66901428 1.64100003 1.000000
-0.40800375 0.67555302 1.64600003 1.000000
-0.40301436 0.67022383 1.64400005 1.000000
-0.40425369 0.67676985 1.64900005 1.000000
-0.39829314 0.66980338 1.64300013 1.000000
-0.39927578 0.67593527 1.64700007 1.000000
-0.40632027 0.69241941 1.67600012 1.000000
-0.39333814 0.66897583 1.64100003 1.000000
-0.39454898 0.67551172 1.64600003 1.000000
-0.40199324 0.69281822 1.67700005 1.000000
-0.38980567 0.66610277 1.64500010 1.000000
-0.38815770 0.66774136 1.63800013 1.000000
-0.38864329 0.67303693 1.64000010 1.000000
-0.38438925 0.66447294 1.64100003 1.000000
-0.38416529 0.66854566 1.64000010 1.000000
-0.38581616 0.67589784 1.64700007 1.000000
-0.37899518 0.66284382 1.63700008 1.000000
-0.37993088 0.66894287 1.64100003 1.000000
-0.38040447 0.67424500 1.64300013 1.000000
-0.37545365 0.66445446 1.64100003 1.000000
-0.37454754 0.66730261 1.63700008 1.000000
-0.37547266 0.67341357 1.64100003 1.000000
-0.37662756 0.67996126 1.64600003 1.000000
-0.36623892 0.65594304 1.62000012 1.000000
-0.36805600 0.66362464 1.62800002 1.000000
-0.36829147 0.66847914 1.62900007 1.000000
-0.37033641 0.67664558 1.63800013 1.000000
-0.36227599 0.65674502 1.62200010 1.000000
-0.36317742 0.66280079 1.62600005 1.000000
-0.36452633 0.66970074 1.63200009 1.000000
-0.36565283 0.67622203 1.63700008 1.000000
-0.37370485 0.69566298 1.67300010 1.000000
-0.35853070 0.66238505 1.62500012 1.000000
-0.35875958 0.66722965 1.62600005 1.000000
-0.35943058 0.67290759 1.62900007 1.000000
-0.35563308 0.66523063 1.63200009 1.000000
-0.35585886 0.67009360 1.63300014 1.000000
-0.35608536 0.67496377 1.63400006 1.000000
-0.35226738 0.66726154 1.63700008 1.000000
-0.35248992 0.67213732 1.63800013 1.000000
-0.35335886 0.67825949 1.64200008 1.000000
-0.34866232 0.66888529 1.64100003 1.000000
-0.34845674 0.67295051 1.64000010 1.000000
-0.34995174 0.68031651 1.64700007 1.000000
-0.34293270 0.66197664 1.63500011 1.000000
-0.34314805 0.66684097 1.63600004 1.000000
-0.34252521 0.67007113 1.63300014 1.000000
-0.34379092 0.67700416 1.63900006 1.000000
-0.33993343 0.66480565 1.64200008 1.000000
-0.33724731 0.66398191 1.62900007 1.000000
-0.33683923 0.66760266 1.62700009 1.000000
-0.33788109 0.67410547 1.63200009 1.000000
-0.34285751 0.68853718 1.65600014 1.000000
-0.33383662 0.66601455 1.63400006 1.000000
-0.33200336 0.66677588 1.62500012 1.000000
-0.33221388 0.67162025 1.62600005 1.000000
-0.33753318 0.68686628 1.65200007 1.000000
-0.33785313 0.67856228 1.67600012 1.000000
-0.32898787 0.66519439 1.63200009 1.000000
-0.32738030 0.66635990 1.62400007 1.000000
-0.32698292 0.66996169 1.62200010 1.000000
-0.33283573 0.68644321 1.65100002 1.000000
-0.32415029 0.66437465 1.63000011 1.000000
-0.32316068 0.66676497 1.62500012 1.000000
-0.32356384 0.67202097 1.62700009 1.000000
-0.31971613 0.66437054 1.63000011 1.000000
-0.31932816 0.66799110 1.62800002 1.000000
-0.31972545 0.67325449 1.63000011 1.000000
-0.32600814 0.69100344 1.66200006 1.000000
-0.31624931 0.66640466 1.63500011 1.000000
-0.31547955 0.66921753 1.63100004 1.000000
-0.31567761 0.67407537 1.63200009 1.000000
-0.31955165 0.68683988 1.65200007 1.000000
-0.30970424 0.66191787 1.62400007 1.000000
-0.30951709 0.66593099 1.62300003 1.000000
-0.30990279 0.67117935 1.62500012 1.000000
-0.31353125 0.68350816 1.64400005 1.000000
-0.30566305 0.66272998 1.62600005 1.000000
-0.30416238 0.66387570 1.61800003 1.000000
-0.30454218 0.66910976 1.62000012 1.000000
-0.30811858 0.68142420 1.63900006 1.000000
-0.30383432 0.66843337 1.64000010 1.000000
-0.30013189 0.66469300 1.62000012 1.000000
-0.29976484 0.66827965 1.61800003 1.000000
-0.30273339 0.67934066 1.63400006 1.000000
-0.30357248 0.67780524 1.66300011 1.000000
-0.29700345 0.66756207 1.62700009 1.000000
-0.29682410 0.67158020 1.62600005 1.000000
-0.29865345 0.68016773 1.63600004 1.000000
-0.29383487 0.66598338 1.63400006 1.000000
-0.29365733 0.67002118 1.63300014 1.000000
-0.29276103 0.67240286 1.62800002 1.000000
-0.29330409 0.67808503 1.63100004 1.000000
-0.29834363 0.69424689 1.65900004 1.000000
-0.29505858 0.67902410 1.66600013 1.000000
-0.28903893 0.66960841 1.63200009 1.000000
-0.28833306 0.67239982 1.62800002 1.000000
-0.28851339 0.67724979 1.62900007 1.000000
-0.29453912 0.69591641 1.66300011 1.000000
-0.28547245 0.67165774 1.63700008 1.000000
-0.28425401 0.67322314 1.63000011 1.000000
-0.28443134 0.67807788 1.63100004 1.000000
-0.28136396 0.67247653 1.63900006 1.000000
-0.27999264 0.67363369 1.63100004 1.000000
-0.27948025 0.67682761 1.62800002 1.000000
-0.28068522 0.68419141 1.63500011 1.000000
-0.27931571 0.68527716 1.62700009 1.000000
-0.27707583 0.67288530 1.64000010 1.000000
-0.27555695 0.67363149 1.63100004 1.000000
-0.27488351 0.67640907 1.62700009 1.000000
-0.27573121 0.68293256 1.63200009 1.000000
-0.27438316 0.68400955 1.62400007 1.000000
-0.27033234 0.67826194 1.60000002 1.000000
-0.27128622 0.66960156 1.63200009 1.000000
-0.27045655 0.67197764 1.62700009 1.000000
-0.27012616 0.67557514 1.62500012 1.000000
-0.26946384 0.67832643 1.62100005 1.000000
-0.26880604 0.68546426 1.61700010 1.000000
-0.26635784 0.66836965 1.62900007 1.000000
-0.26619551 0.67238891 1.62800002 1.000000
-0.26570678 0.67557293 1.62500012 1.000000
-0.26816189 0.68627435 1.64000010 1.000000
-0.26080275 0.66549683 1.62200010 1.000000
-0.26160768 0.67197460 1.62700009 1.000000
-0.26209161 0.67764968 1.63000011 1.000000
-0.26981178 0.70217317 1.67800009 1.000000
-0.25575998 0.66385508 1.61800003 1.000000
-0.25702530 0.67156041 1.62600005 1.000000
-0.25781694 0.67806363 1.63100004 1.000000
-0.26778004 0.71347898 1.69400012 1.000000
-0.25260332 0.66713703 1.62600005 1.000000
-0.25322527 0.67321163 1.63000011 1.000000
-0.25431380 0.68055660 1.63700008 1.000000
-0.24894537 0.66918838 1.63100004 1.000000
-0.24955621 0.67527604 1.63500011 1.000000
-0.24986233 0.68055534 1.63700008 1.000000
-0.25322169 0.69421625 1.65900004 1.000000
-0.26222923 0.72358203 1.71800005 1.000000
-0.24421084 0.66836780 1.62900007 1.000000
-0.24451078 0.67362344 1.63100004 1.000000
-0.24466133 0.67847568 1.63200009 1.000000
-0.24466252 0.68291640 1.63200009 1.000000
-0.24166591 0.67893523 1.61200011 1.000000
-0.23816252 0.66385496 1.61800003 1.000000
-0.23845683 0.66908014 1.62000012 1.000000
-0.23860446 0.67390180 1.62100005 1.000000
-0.23816383 0.67705667 1.61800003 1.000000
-0.24155086 0.69114739 1.64100003 1.000000
-0.23289648 0.66139358 1.61200011 1.000000
-0.23390757 0.66866696 1.61900008 1.000000
-0.23434123 0.67431700 1.62200010 1.000000
-0.23650914 0.68500620 1.63700008 1.000000
-0.24142271 0.70378095 1.67100012 1.000000
-0.23134877 0.66960001 1.63200009 1.000000
-0.23049781 0.67155814 1.62600005 1.000000
-0.23063962 0.67639518 1.62700009 1.000000
-0.23375890 0.69002670 1.64900005 1.000000
-0.23829629 0.70799118 1.68100011 1.000000
-0.22871912 0.67493463 1.64500010 1.000000
-0.22691102 0.67403650 1.63200009 1.000000
-0.22691090 0.67847359 1.63200009 1.000000
-0.22885785 0.68877053 1.64600003 1.000000
-0.23469841 0.71093804 1.68800008 1.000000
-0.22383766 0.67370462 1.64200008 1.000000
-0.22233738 0.67362386 1.63100004 1.000000
-0.22151926 0.67556345 1.62500012 1.000000
-0.22424585 0.68835151 1.64500010 1.000000
-0.22942674 0.70883107 1.68300009 1.000000
-0.21696772 0.67073339 1.62400007 1.000000
-0.21670011 0.67431635 1.62200010 1.000000
-0.21857058 0.68458515 1.63600004 1.000000
-0.22338074 0.70419729 1.67200005 1.000000
-0.21176693 0.66825593 1.61800003 1.000000
-0.21085022 0.66974354 1.61100006 1.000000
-0.21163546 0.67663437 1.61700010 1.000000
-0.21399172 0.68861324 1.63500011 1.000000
-0.20775232 0.66949588 1.62100005 1.000000
-0.20698270 0.67140687 1.61500013 1.000000
-0.20723881 0.67663425 1.61700010 1.000000
-0.21005860 0.69029737 1.63900006 1.000000
-0.21018746 0.69518006 1.64000010 1.000000
-0.20522676 0.67569202 1.63600004 1.000000
-0.20434786 0.67722762 1.62900007 1.000000
-0.20484929 0.68332946 1.63300014 1.000000
-0.20673104 0.69408745 1.64800012 1.000000
-0.20151512 0.67817128 1.64200008 1.000000
-0.20077784 0.68013835 1.63600004 1.000000
-0.20126827 0.68625885 1.64000010 1.000000
-0.20335454 0.69787771 1.65700006 1.000000
-0.19645077 0.67610729 1.63700008 1.000000
-0.19536969 0.67681319 1.62800002 1.000000
-0.19572912 0.68249315 1.63100004 1.000000
-0.19800907 0.69492948 1.65000010 1.000000
-0.19024080 0.66991341 1.62200010 1.000000
-0.18930137 0.67099380 1.61400008 1.000000
-0.18988711 0.67747211 1.61900008 1.000000
-0.18514347 0.66743660 1.61600006 1.000000
-0.18468401 0.67016333 1.61200011 1.000000
-0.18491235 0.67538041 1.61400008 1.000000
-0.18479739 0.67934626 1.61300004 1.000000
-0.18021473 0.66677672 1.57300007 1.000000
-0.18030249 0.66578603 1.61200011 1.000000
-0.18074861 0.67182726 1.61600006 1.000000
-0.18052404 0.67538106 1.61400008 1.000000
-0.18130648 0.68271583 1.62100005 1.000000
-0.18287231 0.69305760 1.63500011 1.000000
-0.17777674 0.66838592 1.62900007 1.000000
-0.17657457 0.66826558 1.61800003 1.000000
-0.17668235 0.67307556 1.61900008 1.000000
-0.17689964 0.67831093 1.62100005 1.000000
-0.17820862 0.68777025 1.63300014 1.000000
-0.17886323 0.69475311 1.63900006 1.000000
-0.17388460 0.66157126 1.63400006 1.000000
-0.17324360 0.66355914 1.62800002 1.000000
-0.17366710 0.66961884 1.63200009 1.000000
-0.17228195 0.66868019 1.61900008 1.000000
-0.17259976 0.67432404 1.62200010 1.000000
-0.17259873 0.67873019 1.62200010 1.000000
-0.17419423 0.68945539 1.63700008 1.000000
-0.17408752 0.69348139 1.63600004 1.000000
-0.17100057 0.66317457 1.64900005 1.000000
-0.16985700 0.66319352 1.63800013 1.000000
-0.16933596 0.66559947 1.63300014 1.000000
-0.16912636 0.66921049 1.63100004 1.000000
-0.16829497 0.67033386 1.62300003 1.000000
-0.16798243 0.67349380 1.62000012 1.000000
-0.16808501 0.67831266 1.62100005 1.000000
-0.16891381 0.68608654 1.62900007 1.000000
-0.16943190 0.69263381 1.63400006 1.000000
-0.16480067 0.65634078 1.63200009 1.000000
-0.16449486 0.65955228 1.62900007 1.000000
-0.16469425 0.66478664 1.63100004 1.000000
-0.16438910 0.66798162 1.62800002 1.000000
-0.16428626 0.67198765 1.62700009 1.000000
-0.16287109 0.67058498 1.61300004 1.000000
-0.16266797 0.67412901 1.61100006 1.000000
-0.16286911 0.67934835 1.61300004 1.000000
-0.16529201 0.69390559 1.63700008 1.000000
-0.15918450 0.65151781 1.62000012 1.000000
-0.15927988 0.65631598 1.62100005 1.000000
-0.15976863 0.66275108 1.62600005 1.000000
-0.15966812 0.66675276 1.62500012 1.000000
-0.15966621 0.67116332 1.62500012 1.000000
-0.15828906 0.66975486 1.61100006 1.000000
-0.15750182 0.67078245 1.60300004 1.000000
-0.15868001 0.68019146 1.61500013 1.000000
-0.16084106 0.69390595 1.63700008 1.000000
-0.15306027 0.64428169 1.60200012 1.000000
-0.15353514 0.65065032 1.60700011 1.000000
-0.15391475 0.65663958 1.61100006 1.000000
-0.15419912 0.66224146 1.61400008 1.000000
-0.15448382 0.66786087 1.61700010 1.000000
-0.15352687 0.66809332 1.60700011 1.000000
-0.15314345 0.67078346 1.60300004 1.000000
-0.15362021 0.67724395 1.60800004 1.000000
-0.15495713 0.68754804 1.62200010 1.000000
-0.14861189 0.64388245 1.60100007 1.000000
-0.14851622 0.64781874 1.60000002 1.000000
-0.14916344 0.65501153 1.60700011 1.000000
-0.14925401 0.65978163 1.60800004 1.000000
-0.14943773 0.66497153 1.61000013 1.000000
-0.14906482 0.66767901 1.60600007 1.000000
-0.14897071 0.67162150 1.60500002 1.000000
-0.14767031 0.67008477 1.59100008 1.000000
-0.14398868 0.64267886 1.59800005 1.000000
-0.14461660 0.64984590 1.60500002 1.000000
-0.14488436 0.65542150 1.60800004 1.000000
-0.14506233 0.66060436 1.61000013 1.000000
-0.14551087 0.66703838 1.61500013 1.000000
-0.14532903 0.67059070 1.61300004 1.000000
-0.14514749 0.67413342 1.61100006 1.000000
-0.14550687 0.68019378 1.61500013 1.000000
-0.14112666 0.65389752 1.61500013 1.000000
-0.14173579 0.66113037 1.62200010 1.000000
-0.14190830 0.66635090 1.62400007 1.000000
-0.14243060 0.67323560 1.63000011 1.000000
-0.14190465 0.67516536 1.62400007 1.000000
-0.14146638 0.67748231 1.61900008 1.000000
-0.14059155 0.67766762 1.60900009 1.000000
-0.13952476 0.67620063 1.64800012 1.000000
-0.13825284 0.67447662 1.63300014 1.000000
-0.13748918 0.67516690 1.62400007 1.000000
-0.13714916 0.67790192 1.62000012 1.000000
-0.13647079 0.67893201 1.61200011 1.000000
-0.13282956 0.66952205 1.62100005 1.000000
-0.13241817 0.67184246 1.61600006 1.000000
-0.13208900 0.67455554 1.61200011 1.000000
-0.13323507 0.68482941 1.62600005 1.000000
-0.13095938 0.67825651 1.65300012 1.000000
-0.12865989 0.67076296 1.62400007 1.000000
-0.12802441 0.67184401 1.61600006 1.000000
-0.12778533 0.67497528 1.61300004 1.000000
-0.12905174 0.68609393 1.62900007 1.000000
-0.12853065 0.68933719 1.68000007 1.000000
-0.12554495 0.67778635 1.64100003 1.000000
-0.12424267 0.67517149 1.62400007 1.000000
-0.12347621 0.67539495 1.61400008 1.000000
-0.12469912 0.68651611 1.63000011 1.000000
-0.12396280 0.68933934 1.68000007 1.000000
-0.12167343 0.68109238 1.64900005 1.000000
-0.12012225 0.67683601 1.62800002 1.000000
-0.11916164 0.67581469 1.61500013 1.000000
-0.11967922 0.69098276 1.68400013 1.000000
-0.11683455 0.67902905 1.64400005 1.000000
-0.11562476 0.67642188 1.62700009 1.000000
-0.11477055 0.67581600 1.61500013 1.000000
-0.11448529 0.68729192 1.67500007 1.000000
-0.11195448 0.67655265 1.63800013 1.000000
-0.11106431 0.67559189 1.62500012 1.000000
-0.11078952 0.67832798 1.62100005 1.000000
-0.10980178 0.68193716 1.67300010 1.000000
-0.10881522 0.68031842 1.65800011 1.000000
-0.10743514 0.67614138 1.63700008 1.000000
-0.10703974 0.67808789 1.63100004 1.000000
-0.10657897 0.67958468 1.62400007 1.000000
-0.10500114 0.68030888 1.66900003 1.000000
-0.10392960 0.67785841 1.65200007 1.000000
-0.10298414 0.67614311 1.63700008 1.000000
-0.10285672 0.67975235 1.63500011 1.000000
-0.10291826 0.68460751 1.63600004 1.000000
-0.10329435 0.69481790 1.71600008 1.000000
-0.10100473 0.68397951 1.67800009 1.000000
-0.09997945 0.68155324 1.66100013 1.000000
-0.09853307 0.67614466 1.63700008 1.000000
-0.09853152 0.68058532 1.63700008 1.000000
-0.09883113 0.68711954 1.64200008 1.000000
-0.09673159 0.68145829 1.68300009 1.000000
-0.09621216 0.68235111 1.67400002 1.000000
-0.09477338 0.67663115 1.64900005 1.000000
-0.09385212 0.67449427 1.63300014 1.000000
-0.09390808 0.67933947 1.63400006 1.000000
-0.09413666 0.68544692 1.63800013 1.000000
-0.09539989 0.69915873 1.66000009 1.000000
-0.09067475 0.67501605 1.65600014 1.000000
-0.08996109 0.67417103 1.64300013 1.000000
-0.08913813 0.67243057 1.62800002 1.000000
-0.08941043 0.67892510 1.63300014 1.000000
-0.08957341 0.68461120 1.63600004 1.000000
-0.09022935 0.69410557 1.64800012 1.000000
-0.08721454 0.67862833 1.67600012 1.000000
-0.08669219 0.67909414 1.66600013 1.000000
-0.08486915 0.66924870 1.63100004 1.000000
-0.08450334 0.67077994 1.62400007 1.000000
-0.08476210 0.67726344 1.62900007 1.000000
-0.08512509 0.68461227 1.63600004 1.000000
-0.08710125 0.70505720 1.67400002 1.000000
-0.08354484 0.68591869 1.69400012 1.000000
-0.08383882 0.69295508 1.70000005 1.000000
-0.08166716 0.67950869 1.65600014 1.000000
-0.07998890 0.66995531 1.62200010 1.000000
-0.08023411 0.67643327 1.62700009 1.000000
-0.08043018 0.68252110 1.63100004 1.000000
-0.08180993 0.69874048 1.65900004 1.000000
-0.07963744 0.69199431 1.70900011 1.000000
-0.07916960 0.69254929 1.69900012 1.000000
-0.07781661 0.68525493 1.67000008 1.000000
-0.07562510 0.67036974 1.62300003 1.000000
-0.07576359 0.67601871 1.62600005 1.000000
-0.07566927 0.67959297 1.62400007 1.000000
-0.07604104 0.68736947 1.63200009 1.000000
-0.07503408 0.69240111 1.71000004 1.000000
-0.07490069 0.69581199 1.70700014 1.000000
-0.07252969 0.67828083 1.65300012 1.000000
-0.07134359 0.67161018 1.62600005 1.000000
-0.07134236 0.67601991 1.62600005 1.000000
-0.07107802 0.67792016 1.62000012 1.000000
-0.07081383 0.67978907 1.61400008 1.000000
-0.07096035 0.69807172 1.72400010 1.000000
-0.06712806 0.67367673 1.63100004 1.000000
-0.06725035 0.67934710 1.63400006 1.000000
-0.06692006 0.68043190 1.62600005 1.000000
-0.06642775 0.69501191 1.72800004 1.000000
-0.06611850 0.69645375 1.72000003 1.000000
-0.06350160 0.67787325 1.65200007 1.000000
-0.06292376 0.67615628 1.63700008 1.000000
-0.06292263 0.68059552 1.63700008 1.000000
-0.06280634 0.68378061 1.63400006 1.000000
-0.06284393 0.68863553 1.63500011 1.000000
-0.06162148 0.69380701 1.72500002 1.000000
-0.06151271 0.69726515 1.72200012 1.000000
-0.06083253 0.69418615 1.70300007 1.000000
-0.05865226 0.67377120 1.64200008 1.000000
-0.05836532 0.67491829 1.63400006 1.000000
-0.05850714 0.68101227 1.63800013 1.000000
-0.05850622 0.68545544 1.63800013 1.000000
-0.05683150 0.69260210 1.72200012 1.000000
-0.05669799 0.69564694 1.71800005 1.000000
-0.05415428 0.67336202 1.64100003 1.000000
-0.05392219 0.67491937 1.63400006 1.000000
-0.05392120 0.67935020 1.63400006 1.000000
-0.05388734 0.68336391 1.63300014 1.000000
-0.04920650 0.67120290 1.62500012 1.000000
-0.04929643 0.67685646 1.62800002 1.000000
-0.04929563 0.68127233 1.62800002 1.000000
-0.04462243 0.66872555 1.61900008 1.000000
-0.04475940 0.67519432 1.62400007 1.000000
-0.04489647 0.68169147 1.62900007 1.000000
-0.04007180 0.66187567 1.61300004 1.000000
-0.04009581 0.66666108 1.61400008 1.000000
-0.04019442 0.67270046 1.61800003 1.000000
-0.04034281 0.67959982 1.62400007 1.000000
-0.03553074 0.65900409 1.60600007 1.000000
-0.03572911 0.66707498 1.61500013 1.000000
-0.03570631 0.67103821 1.61400008 1.000000
-0.03568359 0.67499709 1.61300004 1.000000
-0.03577156 0.68105805 1.61700010 1.000000
-0.03126059 0.66105658 1.61100006 1.000000
-0.03147338 0.66996694 1.62200010 1.000000
-0.03133696 0.67145449 1.61500013 1.000000
-0.03123941 0.67374229 1.61000013 1.000000
-0.02712951 0.67161977 1.62600005 1.000000
-0.02702889 0.67353386 1.62000012 1.000000
-0.02692833 0.67541665 1.61400008 1.000000
-0.02276388 0.67327249 1.63000011 1.000000
-0.02270758 0.67602879 1.62600005 1.000000
-0.02252565 0.67499858 1.61300004 1.000000
-0.02246946 0.67768973 1.60900009 1.000000
-0.01821904 0.66914237 1.62000012 1.000000
-0.01813997 0.67062426 1.61300004 1.000000
-0.01809468 0.67332500 1.60900009 1.000000
-0.01376268 0.66666436 1.61400008 1.000000
-0.01374537 0.67020887 1.61200011 1.000000
-0.01370250 0.67248833 1.60700011 1.000000
-0.00938542 0.66749072 1.61600006 1.000000
-0.00935620 0.66979325 1.61100006 1.000000
-0.00934442 0.67332542 1.60900009 1.000000
-0.00500962 0.66996914 1.62200010 1.000000
-0.00500026 0.67311949 1.61900008 1.000000
-0.00499091 0.67625487 1.61600006 1.000000
-0.00503716 0.68695658 1.63100004 1.000000
-0.00059749 0.67270368 1.61800003 1.000000
-0.00059711 0.67667335 1.61700010 1.000000
0.00378581 0.66542560 1.61100006 1.000000
0.00379749 0.67187220 1.61600006 1.000000
0.00379978 0.67667335 1.61700010 1.000000
0.00824783 0.66762429 1.62700009 1.000000
0.00818175 0.66666466 1.61400008 1.000000
0.00819173 0.67187214 1.61600006 1.000000
0.00818652 0.67583638 1.61500013 1.000000
0.00824216 0.68485063 1.62600005 1.000000
0.01281235 0.67501020 1.64500010 1.000000
0.01259400 0.66790360 1.61700010 1.000000
0.01257039 0.67104042 1.61400008 1.000000
0.01257018 0.67541772 1.61400008 1.000000
0.01246096 0.67389959 1.60000002 1.000000
0.01705408 0.67038155 1.62300003 1.000000
0.01707477 0.67561358 1.62500012 1.000000
0.01706397 0.67960221 1.62400007 1.000000
0.01670647 0.66968745 1.59000003 1.000000
0.01685336 0.67993701 1.60400009 1.000000
0.02167952 0.67254740 1.63900006 1.000000
0.02145420 0.66996813 1.62200010 1.000000
0.02148025 0.67519742 1.62400007 1.000000
0.02167828 0.68587899 1.63900006 1.000000
0.02192926 0.69832796 1.65800011 1.000000
0.02588077 0.67038071 1.62300003 1.000000
0.02594406 0.67644423 1.62700009 1.000000
0.02616686 0.68671554 1.64100003 1.000000
0.02685213 0.70927852 1.68400013 1.000000
0.03008877 0.66583657 1.61200011 1.000000
0.03005088 0.66937590 1.61000013 1.000000
0.03008769 0.67457932 1.61200011 1.000000
0.03442941 0.66500986 1.61000013 1.000000
0.03436461 0.66812801 1.60700011 1.000000
0.03425711 0.67039412 1.60200012 1.000000
0.03859122 0.65695184 1.60100007 1.000000
0.03873505 0.66377002 1.60700011 1.000000
0.03863791 0.66646421 1.60300004 1.000000
0.03916754 0.68001842 1.62500012 1.000000
0.04289113 0.65613025 1.59900010 1.000000
0.04329259 0.66666055 1.61400008 1.000000
0.04342590 0.67311567 1.61900008 1.000000
0.04355929 0.67959934 1.62400007 1.000000
0.04720968 0.65571898 1.59800005 1.000000
0.04765184 0.66624653 1.61300004 1.000000
0.04788730 0.67394644 1.62100005 1.000000
0.04797515 0.67959857 1.62400007 1.000000
0.05207239 0.65790910 1.61400008 1.000000
0.05184539 0.65941095 1.60700011 1.000000
0.05219921 0.66831088 1.61800003 1.000000
0.05226278 0.67352980 1.62000012 1.000000
0.05245550 0.68043482 1.62600005 1.000000
0.05635637 0.65668488 1.61100006 1.000000
0.05653003 0.66310281 1.61600006 1.000000
0.05663383 0.66872287 1.61900008 1.000000
0.05645791 0.67103440 1.61400008 1.000000
0.05652696 0.67624927 1.61600006 1.000000
0.06032240 0.65219969 1.60000002 1.000000
0.06145210 0.66884631 1.63000011 1.000000
0.06156397 0.67450440 1.63300014 1.000000
0.06111047 0.67394364 1.62100005 1.000000
0.06095872 0.67666692 1.61700010 1.000000
0.06406842 0.64178914 1.58500004 1.000000
0.06491573 0.65464401 1.60600007 1.000000
0.06645028 0.67458963 1.64400005 1.000000
0.06592351 0.67367715 1.63100004 1.000000
0.06543733 0.67311108 1.61900008 1.000000
0.06527463 0.67582899 1.61500013 1.000000
0.06466750 0.67389351 1.60000002 1.000000
0.06482845 0.67993212 1.60400009 1.000000
0.06898247 0.64745623 1.59900010 1.000000
0.06915341 0.65341961 1.60300004 1.000000
0.06984077 0.66871935 1.61900008 1.000000
0.06949445 0.66978395 1.61100006 1.000000
0.06932084 0.67248029 1.60700011 1.000000
0.06906110 0.67431384 1.60100007 1.000000
0.06888781 0.67696416 1.59700012 1.000000
0.07323886 0.64664465 1.59700012 1.000000
0.07245754 0.64404267 1.58000004 1.000000
0.07346220 0.66604096 1.60200012 1.000000
0.07359865 0.67164230 1.60500002 1.000000
0.07346014 0.67473423 1.60200012 1.000000
0.07364277 0.68077850 1.60600007 1.000000
0.07796389 0.66728699 1.60500002 1.000000
0.07805988 0.67247820 1.60700011 1.000000
0.07791317 0.67557573 1.60400009 1.000000
0.08284232 0.66706300 1.61500013 1.000000
0.08253317 0.66894877 1.60900009 1.000000
