-0.82613939 -0.16088492 1.18300009 0.000000
-0.52588284 -0.02940171 1.76800013 0.000000
-0.40180027 -0.17825983 1.67100012 0.000000
-0.40034801 -0.18424845 1.68400013 0.000000
-0.39394239 -0.17677943 1.65700006 0.000000
-0.40420076 -0.20225899 1.72000003 0.000000
-0.39998513 -0.19550586 1.70200002 0.000000
-0.39905921 -0.19042037 1.69800007 0.000000
-0.39531261 -0.18404320 1.68200004 0.000000
-0.39301848 -0.20358983 1.69200003 0.000000
-0.39094242 -0.19792241 1.68300009 0.000000
-0.39444113 -0.19506061 1.69800007 0.000000
-0.38520145 -0.20649046 1.67800009 0.000000
-0.38682309 -0.20276216 1.68500006 0.000000
-0.38775593 -0.19864242 1.68900013 0.000000
-0.40006980 -0.15264514 1.74200010 0.000000
-0.37540331 -0.21268976 1.65500009 0.000000
-0.37246931 -0.20654719 1.64200008 0.000000
-0.37974298 -0.20601298 1.67400002 0.000000
-0.39064673 -0.20722944 1.72200012 0.000000
-0.37895104 -0.22654116 1.69100010 0.000000
-0.37493277 -0.21957423 1.67300010 0.000000
-0.37113804 -0.21283329 1.65600014 0.000000
-0.36879724 -0.23227930 1.66600013 0.000000
-0.37191236 -0.22965744 1.68000007 0.000000
-0.37192813 -0.22508316 1.68000007 0.000000
-0.36711937 -0.23410787 1.67900014 0.000000
-0.36604196 -0.22885305 1.67400002 0.000000
-0.37261063 -0.12289976 1.72400010 0.000000
-0.35989234 -0.24458565 1.68800008 0.000000
-0.37070489 -0.12383603 1.73700011 0.000000
-0.35424134 -0.24845865 1.68300009 0.000000
-0.35150850 -0.25901380 1.69200003 0.000000
-0.35027885 -0.25350702 1.68600011 0.000000
-0.35673627 -0.25349492 1.71700013 0.000000
-0.34874132 -0.27801958 1.72400010 0.000000
-0.34127390 -0.26746315 1.68700004 0.000000
-0.34048176 -0.26224965 1.68300009 0.000000
-0.35672295 -0.11115961 1.76100004 0.000000
-0.33765543 -0.27747920 1.69200003 0.000000
-0.33547756 -0.27110243 1.68100011 0.000000
-0.33609337 -0.26700461 1.68400013 0.000000
-0.33107370 -0.28043169 1.68200004 0.000000
-0.33010685 -0.27503654 1.67700005 0.000000
-0.33150199 -0.27160341 1.68400013 0.000000
-0.34361964 -0.10051816 1.74300003 0.000000
-0.32590461 -0.28451541 1.67900014 0.000000
-0.32456321 -0.27878174 1.67200005 0.000000
-0.32807466 -0.27718592 1.69000006 0.000000
-0.34006277 -0.09131517 1.74900007 0.000000
-0.32228234 -0.28995979 1.68400013 0.000000
-0.31866342 -0.28216028 1.66500008 0.000000
-0.33108300 -0.09489206 1.72700012 0.000000
-0.32523492 -0.30155304 1.72400010 0.000000
-0.31695172 -0.28928852 1.68000007 0.000000
-0.33206353 -0.09174664 1.75700009 0.000000
-0.32015988 -0.30590311 1.72200012 0.000000
-0.31497172 -0.29632324 1.69400012 0.000000
-0.33268681 -0.09326790 1.78600013 0.000000
-0.33250728 -0.08833751 1.78500009 0.000000
-0.31179768 -0.30699503 1.70200002 0.000000
-0.30815133 -0.29881489 1.68200004 0.000000
-0.31201631 -0.29791519 1.70300007 0.000000
-0.33608827 -0.09562495 1.83100009 0.000000
-0.33058840 -0.08913593 1.80100012 0.000000
-0.30695510 -0.31607941 1.70100009 0.000000
-0.30408549 -0.30852658 1.68500006 0.000000
-0.30247882 -0.30232283 1.67600012 0.000000
-0.30899373 -0.30416226 1.71200013 0.000000
-0.31997085 -0.15047276 1.77000010 0.000000
-0.32460320 -0.08884551 1.79500008 0.000000
-0.32587537 -0.08426635 1.80200005 0.000000
-0.30161995 -0.31535390 1.69700003 0.000000
-0.29879367 -0.30781171 1.68100011 0.000000
-0.31106997 -0.14375712 1.74700010 0.000000
-0.30395734 -0.13580358 1.70700014 0.000000
-0.31598413 -0.08296306 1.77400005 0.000000
-0.29751331 -0.32054910 1.70000005 0.000000
-0.29578084 -0.31407073 1.69000006 0.000000
-0.30612499 -0.32028145 1.74900007 0.000000
-0.30562425 -0.13867737 1.74300003 0.000000
-0.29791844 -0.13053575 1.69900012 0.000000
-0.29968101 -0.12663543 1.70900011 0.000000
-0.28649873 -0.31810868 1.66300011 0.000000
-0.28772202 -0.31490973 1.67000008 0.000000
-0.29434726 -0.12168948 1.70500004 0.000000
-0.31151214 -0.07944581 1.80400014 0.000000
-0.28331536 -0.32419640 1.67100012 0.000000
-0.28282398 -0.31908241 1.66800010 0.000000
-0.28432956 -0.16977507 1.67400002 0.000000
-0.31033903 -0.08042040 1.82600009 0.000000
-0.30694538 -0.07460107 1.80600011 0.000000
-0.27925378 -0.32934338 1.67400002 0.000000
-0.27793646 -0.32324356 1.66600013 0.000000
-0.27793387 -0.16867068 1.66300011 0.000000
-0.30687669 -0.07580435 1.83500004 0.000000
-0.30387154 -0.07009159 1.81700003 0.000000
-0.27109024 -0.32503214 1.65200007 0.000000
-0.30073178 -0.07052087 1.82800007 0.000000
-0.29826880 -0.06498339 1.81300008 0.000000
-0.26352999 -0.32131058 1.63300014 0.000000
-0.29252464 -0.05986298 1.80800009 0.000000
-0.26018098 -0.32715935 1.64000010 0.000000
-0.25876963 -0.32093358 1.63100004 0.000000
-0.28839311 -0.06003266 1.81300008 0.000000
-0.28569284 -0.05455633 1.79600012 0.000000
-0.25618628 -0.32777438 1.64300013 0.000000
-0.25542304 -0.32232741 1.63800013 0.000000
-0.26041952 -0.17822182 1.66700006 0.000000
-0.28252116 -0.04995018 1.80700004 0.000000
-0.24940078 -0.32921985 1.62800002 0.000000
-0.25493231 -0.33198041 1.66400003 0.000000
-0.26001069 -0.18574366 1.69400012 0.000000
-0.26094303 -0.18176129 1.70000005 0.000000
-0.27836329 -0.05009178 1.81200004 0.000000
-0.27821288 -0.04510865 1.81100011 0.000000
-0.25144032 -0.33793205 1.67100012 0.000000
-0.25220916 -0.33439103 1.67600012 0.000000
-0.25750527 -0.18729025 1.70800006 0.000000
-0.25902432 -0.18369718 1.71800005 0.000000
-0.25219429 -0.34986496 1.70700014 0.000000
-0.24718739 -0.33835292 1.67300010 0.000000
-0.24616933 -0.33241212 1.66600013 0.000000
-0.24721359 -0.18769278 1.67000008 0.000000
-0.25151792 -0.18631470 1.69900012 0.000000
-0.24421206 -0.34516728 1.68400013 0.000000
-0.24263297 -0.33836910 1.67300010 0.000000
-0.23496036 -0.18174693 1.61700010 0.000000
-0.24325389 -0.18358420 1.67400002 0.000000
-0.23678134 -0.34108385 1.66400003 0.000000
-0.23765104 -0.33777833 1.67000008 0.000000
-0.23096904 -0.18651654 1.62000012 0.000000
-0.25403932 -0.02973142 1.78000009 0.000000
-0.22917984 -0.33658993 1.64200008 0.000000
-0.22962865 -0.18906043 1.64200008 0.000000
-0.25114408 -0.02505606 1.79400003 0.000000
-0.22565089 -0.34251803 1.64900005 0.000000
-0.22498199 -0.33701527 1.64400005 0.000000
-0.24611095 -0.02504366 1.79300010 0.000000
-0.22275406 -0.34953567 1.66100013 0.000000
-0.22290352 -0.34523368 1.66200006 0.000000
-0.21688841 -0.19466756 1.61400008 0.000000
-0.24296586 -0.02522680 1.80600011 0.000000
-0.24014206 -0.02004629 1.78500009 0.000000
-0.22282861 -0.35691658 1.69600010 0.000000
-0.21929640 -0.34670302 1.66900003 0.000000
-0.21260695 -0.19920588 1.61500013 0.000000
-0.21103787 -0.19335148 1.60300004 0.000000
-0.23671891 -0.02017105 1.79600012 0.000000
-0.23724718 -0.01528736 1.80000007 0.000000
-0.21642263 -0.34941867 1.68200004 0.000000
-0.23091330 -0.01029601 1.78900003 0.000000
-0.21447003 -0.35842019 1.70300007 0.000000
-0.21020293 -0.34673288 1.66900003 0.000000
-0.20857951 -0.20842531 1.65300012 0.000000
-0.22451165 -0.01022755 1.77700007 0.000000
-0.22602822 -0.00539744 1.78900003 0.000000
-0.20798193 -0.35527804 1.68800008 0.000000
-0.20528573 -0.34612417 1.66600013 0.000000
-0.20641470 -0.21083191 1.67200005 0.000000
-0.22361363 -0.01041233 1.80900013 0.000000
-0.22064738 -0.00538568 1.78500009 0.000000
-0.20290041 -0.35445070 1.68400013 0.000000
-0.19893838 -0.34302196 1.65100002 0.000000
-0.20292751 -0.21656412 1.68100011 0.000000
-0.20293832 -0.21197760 1.68100011 0.000000
-0.21685904 -0.00541315 1.79400003 0.000000
-0.21637572 -0.00049858 1.79000008 0.000000
-0.19760463 -0.35320202 1.67800009 0.000000
-0.19702986 -0.34760699 1.67300010 0.000000
-0.21183947 -0.00049945 1.79300010 0.000000
-0.19140702 -0.35478649 1.66400003 0.000000
-0.19004032 -0.34774300 1.65200007 0.000000
-0.20936345 0.00446345 1.81400013 0.000000
-0.18462552 -0.35053569 1.64400005 0.000000
-0.17968956 -0.21448623 1.59700012 0.000000
-0.18251266 -0.21341918 1.62200010 0.000000
-0.20372957 0.00444893 1.80800009 0.000000
-0.17741548 -0.21704814 1.61600006 0.000000
-0.17511518 -0.35394466 1.63900006 0.000000
-0.17245784 -0.22078072 1.61100006 0.000000
-0.17182535 -0.21558051 1.60500002 0.000000
-0.16834380 -0.35359484 1.61700010 0.000000
-0.16711980 -0.21955708 1.60200012 0.000000
-0.16425890 -0.22603278 1.61700010 0.000000
-0.16254148 -0.21929252 1.60000002 0.000000
-0.17540917 0.01368998 1.72400010 0.000000
-0.17652756 0.01853083 1.73500013 0.000000
-0.16207908 -0.36376357 1.64300013 0.000000
-0.15717345 -0.22226796 1.59000003 0.000000
-0.15767695 -0.21861650 1.59500003 0.000000
-0.15283023 -0.22227712 1.59000003 0.000000
-0.14726363 -0.22476943 1.57700002 0.000000
-0.14914022 -0.22326468 1.59700012 0.000000
-0.16518733 0.02854260 1.76600003 0.000000
-0.14086163 -0.22573745 1.55400002 0.000000
-0.15881175 0.02826910 1.74900007 0.000000
-0.14581218 -0.37252623 1.66200006 0.000000
-0.15332116 0.02814102 1.74100006 0.000000
-0.15437664 0.03313863 1.75300014 0.000000
-0.13965321 -0.37273547 1.64300013 0.000000
-0.14102395 -0.37186471 1.65900004 0.000000
-0.15043235 0.03332908 1.76300013 0.000000
-0.13277565 -0.37054455 1.61400008 0.000000
-0.13426675 -0.37025043 1.63200009 0.000000
-0.13468844 -0.36694393 1.63700008 0.000000
-0.13290454 -0.23418845 1.61200011 0.000000
-0.14709346 0.03367074 1.78100014 0.000000
-0.14907415 0.03907088 1.80500007 0.000000
-0.12854220 -0.36663058 1.61600006 0.000000
-0.12817995 -0.23361546 1.60800004 0.000000
-0.14517121 0.03935384 1.81800008 0.000000
-0.12482504 -0.36868230 1.62500012 0.000000
-0.12092885 -0.23253135 1.57100010 0.000000
-0.12263002 -0.23144397 1.59300005 0.000000
-0.14104232 0.03959349 1.82900012 0.000000
-0.14212032 0.04494733 1.84300005 0.000000
-0.11455578 -0.22839433 1.54300010 0.000000
-0.11723588 -0.22941740 1.57900012 0.000000
-0.11327973 -0.00877365 1.52300012 0.000000
-0.13558666 0.04446122 1.82300007 0.000000
-0.11012315 -0.22795740 1.54000008 0.000000
-0.12865894 0.04872644 1.79600012 0.000000
-0.10639425 -0.22900045 1.54700005 0.000000
-0.10500663 -0.01295757 1.52400005 0.000000
-0.12008894 0.04729017 1.74300003 0.000000
-0.10806948 -0.37657034 1.64000010 0.000000
-0.10583732 -0.36440721 1.60600007 0.000000
-0.10427104 -0.23804934 1.57900012 0.000000
-0.10361733 -0.23226383 1.56900012 0.000000
-0.11544588 0.05212853 1.74500012 0.000000
-0.10384688 -0.37749711 1.64400005 0.000000
-0.10171945 -0.24665815 1.60700011 0.000000
-0.10109307 -0.24076968 1.59700012 0.000000
-0.10135281 -0.23700751 1.60100007 0.000000
-0.10427151 -0.23932581 1.64700007 0.000000
-0.11244200 0.05296668 1.77300012 0.000000
-0.11364520 0.05844555 1.79200006 0.000000
-0.09911866 -0.37658665 1.64000010 0.000000
-0.09229252 -0.23807856 1.52400005 0.000000
-0.09587188 -0.24298082 1.58300006 0.000000
-0.09690779 -0.24122839 1.60000002 0.000000
-0.09970032 -0.24367571 1.64600003 0.000000
-0.09922209 -0.23802441 1.63800013 0.000000
-0.10631096 0.05234094 1.75200009 0.000000
-0.10934324 0.05877350 1.80200005 0.000000
-0.08997579 -0.24308375 1.55600011 0.000000
-0.09084918 -0.24114501 1.57100010 0.000000
-0.09212745 -0.24017915 1.59300005 0.000000
-0.10290025 0.05792721 1.77600014 0.000000
-0.08550046 -0.24246472 1.55200005 0.000000
-0.08600198 -0.23961586 1.56100011 0.000000
-0.09991283 0.05407681 1.81000006 0.000000
-0.10139303 0.16565807 1.83800006 0.000000
-0.10298833 0.17337918 1.86700010 0.000000
-0.08297339 -0.36466739 1.58800006 0.000000
-0.08188986 -0.24008194 1.56400013 0.000000
-0.09432332 0.15230249 1.79900014 0.000000
-0.09410970 0.15687554 1.79500008 0.000000
-0.07790470 -0.24528781 1.57000005 0.000000
-0.07761216 -0.24008720 1.56400013 0.000000
-0.09148059 0.07010578 1.84000003 0.000000
-0.08730929 0.14875042 1.75700009 0.000000
-0.07140215 -0.24210051 1.52300012 0.000000
-0.07262600 -0.24201189 1.54900002 0.000000
-0.07347485 -0.24055272 1.56700003 0.000000
-0.08573382 0.06953595 1.82500005 0.000000
-0.08353335 0.14574778 1.77900004 0.000000
-0.06728077 -0.24226418 1.52400005 0.000000
-0.06847738 -0.24232912 1.55100012 0.000000
-0.08091848 0.14492038 1.83000004 0.000000
-0.06674413 -0.37527171 1.61500013 0.000000
-0.06654283 -0.36974353 1.61000013 0.000000
-0.06389910 -0.24528903 1.54300010 0.000000
-0.06464891 -0.24389605 1.56100011 0.000000
-0.07657179 0.14113708 1.84600008 0.000000
-0.06364762 -0.38317743 1.64900005 0.000000
-0.06203151 -0.36905971 1.60700011 0.000000
-0.06072268 -0.24958548 1.57000005 0.000000
-0.06863599 0.06748281 1.77100003 0.000000
-0.05821324 -0.37714070 1.62300003 0.000000
-0.05857664 -0.37503573 1.63300014 0.000000
-0.05663967 -0.25483793 1.57600009 0.000000
-0.05664357 -0.25054333 1.57600009 0.000000
-0.06374444 0.07229736 1.77000010 0.000000
-0.05358342 -0.37575099 1.61700010 0.000000
-0.05176413 -0.25209275 1.55900002 0.000000
-0.05253144 -0.25150090 1.58200002 0.000000
-0.04932068 -0.37691703 1.62200010 0.000000
-0.04941589 -0.37320709 1.62500012 0.000000
-0.04773979 -0.25765923 1.56700003 0.000000
-0.04734703 -0.25128767 1.55400002 0.000000
-0.04514121 -0.37901223 1.63100004 0.000000
-0.04528326 -0.37573725 1.63600004 0.000000
-0.04276002 -0.25355166 1.54200006 0.000000
-0.04301260 -0.25080571 1.55100012 0.000000
-0.05196766 0.07638564 1.87000012 0.000000
-0.04096236 -0.38157195 1.64200008 0.000000
-0.04084093 -0.37597039 1.63700008 0.000000
-0.03901664 -0.25667876 1.56100011 0.000000
-0.04628909 0.08055316 1.84800005 0.000000
-0.03643451 -0.38111031 1.64000010 0.000000
-0.03187591 -0.38461968 1.63600004 0.000000
-0.03144982 -0.37507105 1.61400008 0.000000
-0.03537374 0.07881135 1.80800009 0.000000
-0.03631204 0.08599057 1.85600007 0.000000
-0.02700696 -0.37897968 1.61200011 0.000000
-0.02714320 -0.37646776 1.62000012 0.000000
-0.02242141 -0.38026053 1.59900010 0.000000
-0.02263359 -0.37945190 1.61400008 0.000000
-0.02271958 -0.37646979 1.62000012 0.000000
-0.02200311 -0.26177552 1.56600010 0.000000
-0.02496631 0.08214650 1.77300012 0.000000
-0.01836216 -0.38227481 1.62600005 0.000000
-0.01835237 -0.37763345 1.62500012 0.000000
-0.01784213 -0.26791093 1.57700002 0.000000
-0.01390528 -0.38180590 1.62400007 0.000000
-0.01385503 -0.37600797 1.61800003 0.000000
-0.01340803 -0.26553363 1.56300008 0.000000
-0.00919685 -0.37075701 1.57700002 0.000000
-0.00937840 -0.37368500 1.60800004 0.000000
-0.00487531 -0.36958209 1.57200003 0.000000
-0.00491913 -0.36857298 1.58600008 0.000000
-0.00571146 0.08497421 1.83400011 0.000000
-0.00058218 -0.36911210 1.57000005 0.000000
-0.00058519 -0.36671406 1.57800007 0.000000
-0.00058248 -0.27065450 1.56800008 0.000000
0.00373307 -0.37193322 1.58200002 0.000000
0.00371921 -0.36624914 1.57600009 0.000000
0.00383988 -0.37368861 1.62700009 0.000000
0.00368069 -0.26875567 1.55700004 0.000000
0.00389116 -0.19857392 1.64400005 0.000000
0.00401920 -0.20045708 1.69800007 0.000000
0.00400522 -0.19512509 1.69200003 0.000000
0.00812911 -0.37545931 1.59700012 0.000000
0.00808395 -0.36903736 1.58800006 0.000000
0.00788310 -0.27106577 1.54600012 0.000000
0.00851122 -0.20135167 1.66700006 0.000000
0.00859849 -0.19880396 1.68400013 0.000000
0.00862960 -0.19489409 1.69000006 0.000000
0.01248191 -0.37522334 1.59600008 0.000000
0.01256114 -0.37321958 1.60600007 0.000000
0.01218226 -0.27264300 1.55500007 0.000000
0.01299835 -0.20014320 1.65700006 0.000000
0.01323443 -0.19915752 1.68700004 0.000000
0.01320377 -0.19408627 1.68300009 0.000000
0.01451233 0.09068719 1.84800005 0.000000
0.01669849 -0.28132623 1.58000004 0.000000
0.01621352 -0.26896000 1.53400004 0.000000
0.01781955 -0.25871012 1.68500006 0.000000
0.01732925 -0.22468439 1.63800013 0.000000
0.01734090 -0.22034787 1.63900006 0.000000
0.01810485 -0.22068475 1.71100008 0.000000
0.01787311 -0.21323471 1.68900013 0.000000
0.01768366 -0.20639816 1.67100012 0.000000
0.01758941 -0.20074627 1.66200006 0.000000
0.01778090 -0.19833028 1.68000007 0.000000
0.01777129 -0.19362412 1.67900014 0.000000
0.02058070 -0.27544907 1.54700005 0.000000
0.02162311 -0.27606443 1.62500012 0.000000
0.02268381 -0.26162595 1.70400012 0.000000
0.02207583 -0.24099851 1.65800011 0.000000
0.02244099 -0.22653086 1.68500006 0.000000
0.02322817 -0.22970174 1.74400008 0.000000
0.02296316 -0.22236027 1.72400010 0.000000
0.02219193 -0.21032983 1.66600013 0.000000
0.02232642 -0.20701458 1.67600012 0.000000
0.02208790 -0.20026202 1.65800011 0.000000
0.02236891 -0.19821112 1.67900014 0.000000
0.02238345 -0.19373836 1.68000007 0.000000
0.02495241 0.09181490 1.87100005 0.000000
0.02530880 -0.28096703 1.57800007 0.000000
0.02689858 -0.21146461 1.67500007 0.000000
0.02709285 -0.20837185 1.68700004 0.000000
0.02686954 -0.20207240 1.67300010 0.000000
0.03033779 -0.28773096 1.61600006 0.000000
0.03105108 -0.21307060 1.65200007 0.000000
0.03495487 -0.38715059 1.62800002 0.000000
0.03463562 -0.37921044 1.61300004 0.000000
0.03470905 -0.29615688 1.61400008 0.000000
0.03432452 -0.28851119 1.59600008 0.000000
0.03836184 -0.37262484 1.58500004 0.000000
0.03962828 -0.30445549 1.63500011 0.000000
0.03907375 -0.29578713 1.61200011 0.000000
0.03912514 -0.29176232 1.61400008 0.000000
0.04223133 -0.36862496 1.56800008 0.000000
0.04508954 -0.32043695 1.67200005 0.000000
0.04452661 -0.31192240 1.65100002 0.000000
0.04399054 -0.30370751 1.63100004 0.000000
0.04304977 -0.29284823 1.59600008 0.000000
0.04692363 -0.37620160 1.58200002 0.000000
0.04692744 -0.37191263 1.58200002 0.000000
0.04870585 -0.31875974 1.64000010 0.000000
0.04909569 -0.31679204 1.65300012 0.000000
0.04693462 -0.29420745 1.58000004 0.000000
0.04655194 -0.28752375 1.56700003 0.000000
0.04554527 -0.27711385 1.53300011 0.000000
0.05150549 -0.37378934 1.59000003 0.000000
0.05354098 -0.32538199 1.65100002 0.000000
0.05328565 -0.31933895 1.64300013 0.000000
0.05270590 -0.31142211 1.62500012 0.000000
0.05024848 -0.28843141 1.54900002 0.000000
0.04992782 -0.28238252 1.53900003 0.000000
0.05783125 0.08724410 1.77800012 0.000000
0.05647376 -0.38237599 1.60800004 0.000000
0.05475727 -0.36649737 1.55900002 0.000000
0.05706409 -0.32427064 1.62300003 0.000000
0.05465480 -0.29358530 1.55400002 0.000000
0.05406097 -0.28619304 1.53700006 0.000000
0.06086300 -0.38237128 1.60800004 0.000000
0.06026226 -0.37425053 1.59200013 0.000000
0.06054239 -0.32795525 1.59800005 0.000000
0.06266890 -0.33495429 1.65400004 0.000000
0.06444048 -0.37761039 1.58800006 0.000000
0.06513557 -0.37730148 1.60500002 0.000000
0.06465947 -0.33104348 1.59200013 0.000000
0.06608617 -0.33390188 1.62700009 0.000000
0.07521958 0.09563397 1.84600008 0.000000
0.06924561 -0.38455498 1.59900010 0.000000
0.06825507 -0.37475157 1.57600009 0.000000
0.06830949 -0.33199146 1.57600009 0.000000
0.06948520 -0.33332554 1.60300004 0.000000
0.06653000 -0.28979322 1.53400004 0.000000
0.07776479 0.06812815 1.78800011 0.000000
0.07976387 0.07490742 1.83400011 0.000000
0.08267608 0.08285381 1.90100014 0.000000
0.07727963 0.08718841 1.77700007 0.000000
0.07256239 -0.33605197 1.57500005 0.000000
0.07307491 -0.33409241 1.58600008 0.000000
0.07048665 -0.29300144 1.52900004 0.000000
0.07039975 -0.28846574 1.52700007 0.000000
0.08557403 0.08067278 1.85100007 0.000000
0.07764464 -0.33945990 1.59100008 0.000000
0.07427426 -0.29146296 1.52100003 0.000000
0.07862747 -0.33387023 1.52600002 0.000000
0.07826982 -0.29500952 1.51800013 0.000000
0.07843043 -0.29145721 1.52100003 0.000000
0.08355741 -0.29908451 1.53900003 0.000000
0.09112670 -0.38042638 1.60000002 0.000000
0.08901650 -0.30335337 1.56100011 0.000000
0.09602961 -0.38255885 1.60900009 0.000000
0.09476045 -0.31682616 1.58600008 0.000000
0.09679923 -0.31921545 1.62000012 0.000000
0.09262354 -0.30120891 1.55000007 0.000000
0.09985795 -0.38041124 1.60000002 0.000000
0.09942894 -0.37442821 1.59300005 0.000000
0.09926517 -0.36078694 1.59000003 0.000000
0.09547563 -0.30108014 1.52800012 0.000000
0.10154445 -0.37488121 1.55900002 0.000000
0.10363693 -0.37826344 1.59100008 0.000000
0.10470389 -0.36899525 1.60700011 0.000000
0.10217087 -0.35578710 1.56800008 0.000000
0.09899680 -0.29910240 1.51800013 0.000000
0.10763799 -0.37706634 1.58600008 0.000000
0.10880029 -0.37676221 1.60300004 0.000000
0.11064155 -0.37868845 1.63000011 0.000000
0.10976774 -0.37128299 1.61700010 0.000000
0.10477323 -0.30382356 1.54200006 0.000000
0.11661463 -0.39722663 1.65200007 0.000000
0.11252924 -0.37895969 1.59400010 0.000000
0.11380887 -0.37886882 1.61200011 0.000000
0.11410020 -0.37542710 1.61600006 0.000000
0.10898417 -0.30381551 1.54200006 0.000000
0.12200034 -0.40010267 1.66400003 0.000000
0.11724386 -0.38013938 1.59900010 0.000000
0.11703302 -0.37509930 1.59600008 0.000000
0.11032364 -0.30020794 1.50300002 0.000000
0.11187346 -0.30026084 1.52400005 0.000000
0.12189991 -0.38542613 1.60300004 0.000000
0.12160520 -0.38013008 1.59900010 0.000000
0.12207100 -0.37720522 1.60500002 0.000000
0.12540504 -0.38277173 1.59200013 0.000000
0.12580867 -0.37964505 1.59700012 0.000000
0.13030910 -0.38871118 1.65400004 0.000000
0.11757518 -0.30184525 1.49100006 0.000000
0.11813600 -0.29919222 1.49800003 0.000000
0.12852389 -0.37915543 1.57700002 0.000000
0.13040842 -0.38034827 1.60000002 0.000000
0.13799907 -0.39786622 1.69300008 0.000000
0.11838152 -0.29373875 1.45100009 0.000000
0.12018538 -0.29419023 1.47300005 0.000000
0.13230842 -0.38196054 1.57100010 0.000000
0.13181324 -0.37626031 1.56500006 0.000000
0.13249724 -0.37391984 1.57300007 0.000000
0.12083308 -0.28619257 1.43300009 0.000000
0.13823289 -0.39087817 1.59000003 0.000000
0.13676542 -0.38243648 1.57300007 0.000000
0.13460210 -0.37216294 1.54800010 0.000000
0.13635159 -0.37272099 1.56800008 0.000000
0.14319482 -0.39258829 1.59700012 0.000000
0.13918114 -0.37311408 1.55200005 0.000000
0.13268511 -0.29917642 1.47800004 0.000000
0.15218998 -0.14865898 1.69100010 0.000000
0.17700908 0.18796492 1.96700013 0.000000
0.14906007 -0.38339561 1.61300004 0.000000
0.14170262 -0.31425837 1.53200006 0.000000
0.13819799 -0.30240506 1.49400008 0.000000
0.15718518 -0.14900431 1.69500005 0.000000
0.15635684 -0.14360189 1.68600011 0.000000
0.18333788 0.17269468 1.97700012 0.000000
0.18277398 0.17756078 1.97100008 0.000000
0.14645678 -0.38689885 1.54000008 0.000000
0.15753619 -0.39809337 1.65600014 0.000000
0.15669186 -0.39146543 1.64700007 0.000000
0.15472648 -0.33773756 1.62500012 0.000000
0.14302541 -0.30809408 1.50200009 0.000000
0.16211268 -0.14461769 1.69800007 0.000000
0.19094695 0.16922621 2.00000000 0.000000
0.18960281 0.17347330 1.98600006 0.000000
0.15981117 -0.38812593 1.63300014 0.000000
0.19621865 0.16904946 1.99800014 0.000000
0.15851657 -0.37883857 1.57600009 0.000000
0.15722080 -0.37147692 1.56300008 0.000000
0.16364345 -0.35557854 1.62600005 0.000000
0.17165610 -0.17276202 1.70100009 0.000000
0.17136106 -0.16781664 1.69800007 0.000000
0.16177836 -0.37642285 1.56600010 0.000000
0.16313352 -0.37526762 1.57900012 0.000000
0.16629484 -0.36058047 1.60900009 0.000000
0.16713406 -0.35798612 1.61700010 0.000000
0.16797337 -0.35534763 1.62500012 0.000000
0.16912290 -0.35331288 1.63600004 0.000000
0.16110675 -0.31954703 1.55800009 0.000000
0.17753173 -0.18333395 1.71300006 0.000000
0.17515628 -0.17625496 1.69000006 0.000000
0.17817011 -0.17458220 1.71900010 0.000000
0.17703792 -0.16879719 1.70800006 0.000000
0.17818592 -0.16518582 1.71900010 0.000000
0.16806018 -0.38097757 1.58500004 0.000000
0.16870888 -0.37810713 1.59100008 0.000000
0.17542841 -0.37962514 1.65400004 0.000000
0.17257747 -0.36901525 1.62700009 0.000000
0.17227200 -0.36392939 1.62400007 0.000000
0.17196645 -0.35885912 1.62100005 0.000000
0.17155474 -0.35358575 1.61700010 0.000000
0.17199175 -0.35006100 1.62100005 0.000000
0.18294774 -0.18877311 1.72000003 0.000000
0.18285014 -0.18396755 1.71900010 0.000000
0.18532209 -0.17214924 1.74200010 0.000000
0.18298958 -0.16527410 1.72000003 0.000000
0.18363574 -0.16113265 1.72600007 0.000000
0.18075301 -0.39947242 1.66200006 0.000000
0.17293531 -0.37785682 1.59000003 0.000000
0.17721634 -0.37387419 1.62900007 0.000000
0.17766459 -0.37036315 1.63300014 0.000000
0.17702483 -0.36458880 1.62700009 0.000000
0.17605850 -0.35818216 1.61800003 0.000000
0.17498320 -0.35160506 1.60800004 0.000000
0.17510484 -0.34745690 1.60900009 0.000000
0.17762083 -0.34799370 1.63200009 0.000000
0.18752803 -0.19334944 1.71900010 0.000000
0.18622799 -0.18733750 1.70700014 0.000000
0.18601865 -0.18246061 1.70500004 0.000000
0.18922469 -0.16187166 1.73400009 0.000000
0.18825032 -0.15631585 1.72500002 0.000000
0.17849377 -0.38045800 1.60100007 0.000000
0.17984483 -0.37893674 1.61300004 0.000000
0.18119611 -0.37734982 1.62500012 0.000000
0.18154392 -0.37363154 1.62800002 0.000000
0.18211484 -0.37034994 1.63300014 0.000000
0.18090135 -0.36345530 1.62200010 0.000000
0.18013377 -0.35750505 1.61500013 0.000000
0.17880836 -0.35049886 1.60300004 0.000000
0.17949070 -0.34744397 1.60900009 0.000000
0.19021934 -0.18667001 1.70100009 0.000000
0.19011652 -0.18191668 1.70000005 0.000000
0.19318677 -0.15648933 1.72700012 0.000000
0.19554372 -0.15361334 1.74800003 0.000000
0.19622256 -0.14934480 1.75400007 0.000000
0.18044372 -0.37973735 1.58000004 0.000000
0.18319800 -0.38115764 1.60400009 0.000000
0.18412517 -0.37868848 1.61200011 0.000000
0.18630898 -0.37872961 1.63100004 0.000000
0.18609411 -0.37384760 1.62900007 0.000000
0.18622190 -0.36965612 1.63000011 0.000000
0.18463589 -0.36209750 1.61600006 0.000000
0.18373519 -0.35594225 1.60800004 0.000000
0.18306291 -0.35026708 1.60200012 0.000000
0.18364754 -0.34699893 1.60700011 0.000000
0.19416794 -0.19063145 1.69500005 0.000000
0.19543745 -0.18720947 1.70600009 0.000000
0.19945642 -0.18629488 1.74100006 0.000000
0.19951656 -0.15299042 1.74100006 0.000000
0.19837828 -0.14737895 1.73100007 0.000000
0.19941723 -0.14338738 1.74000013 0.000000
0.19575693 -0.13607951 1.70800006 0.000000
0.18017419 -0.37452766 1.54100013 0.000000
0.18463056 -0.37948376 1.57900012 0.000000
0.18721657 -0.38043126 1.60100007 0.000000
0.19097243 -0.38360804 1.63300014 0.000000
0.19005065 -0.37732270 1.62500012 0.000000
0.19018140 -0.37314543 1.62600005 0.000000
0.19089702 -0.37009597 1.63200009 0.000000
0.18892218 -0.36185986 1.61500013 0.000000
0.18846789 -0.35659286 1.61100006 0.000000
0.18766251 -0.35069096 1.60400009 0.000000
0.19071814 -0.35195175 1.63000011 0.000000
0.19785777 -0.18972220 1.68700004 0.000000
0.19950929 -0.18665139 1.70100009 0.000000
0.20139539 -0.18371749 1.71700013 0.000000
0.20323130 -0.14272070 1.73200011 0.000000
0.20441213 -0.13878110 1.74200010 0.000000
0.19229531 -0.38184324 1.60700011 0.000000
0.19123216 -0.37537250 1.59800005 0.000000
0.19316080 -0.37475467 1.61400008 0.000000
0.19556849 -0.37496737 1.63400006 0.000000
0.19426592 -0.36804110 1.62300003 0.000000
0.19727252 -0.36923987 1.64800012 0.000000
0.19573045 -0.36189130 1.63500011 0.000000
0.20449363 -0.19627692 1.70400012 0.000000
0.20306343 -0.19027480 1.69200003 0.000000
0.20391327 -0.18642241 1.69900012 0.000000
0.20476298 -0.18253112 1.70600009 0.000000
0.21013780 -0.13462527 1.75000012 0.000000
0.20798345 -0.12850356 1.73200011 0.000000
0.19853078 -0.41641411 1.62300003 0.000000
0.19695456 -0.40871799 1.61000013 0.000000
0.19619651 -0.37653303 1.60300004 0.000000
0.21292838 -0.20930955 1.73500013 0.000000
0.20815259 -0.19997530 1.69600010 0.000000
0.20840834 -0.19557567 1.69800007 0.000000
0.20645455 -0.18914042 1.68200004 0.000000
0.20658714 -0.18465716 1.68300009 0.000000
0.21381868 -0.12916425 1.74100006 0.000000
0.21382567 -0.12440240 1.74100006 0.000000
0.20220298 -0.37519065 1.61600006 0.000000
0.19908907 -0.36507186 1.59100008 0.000000
0.19384719 -0.35123327 1.54900002 0.000000
0.21214309 -0.20399076 1.69100010 0.000000
0.20976999 -0.19713511 1.67200005 0.000000
0.20915298 -0.19199501 1.66700006 0.000000
0.20891215 -0.18721889 1.66500008 0.000000
0.21769364 -0.12863776 1.73400009 0.000000
0.21820290 -0.12418111 1.73800004 0.000000
0.21745643 -0.11901498 1.73200011 0.000000
0.19772930 -0.41391045 1.54800010 0.000000
0.20393334 -0.36597535 1.59500003 0.000000
0.21725877 -0.20908797 1.69500005 0.000000
0.21100970 -0.18956618 1.64600003 0.000000
0.21076342 -0.18484761 1.64400005 0.000000
0.22294787 -0.12417407 1.73800004 0.000000
0.22410938 -0.12003890 1.74700010 0.000000
0.22331126 -0.21508828 1.70600009 0.000000
0.22214457 -0.20932342 1.69700003 0.000000
0.21458410 -0.18874976 1.63900006 0.000000
0.21472530 -0.18438780 1.64000010 0.000000
0.22809218 -0.11961971 1.74100006 0.000000
0.22823004 -0.11492372 1.74200010 0.000000
0.22025803 -0.18977572 1.64800012 0.000000
0.22013482 -0.18516451 1.64700007 0.000000
0.23178089 -0.11432324 1.73300004 0.000000
0.23740503 -0.11223882 1.77500010 0.000000
0.23353446 -0.22996336 1.71300006 0.000000
0.23436497 -0.22608113 1.71900010 0.000000
0.22434382 -0.18941960 1.64500010 0.000000
0.22394527 -0.18459198 1.64200008 0.000000
0.23691954 -0.11451429 1.73600006 0.000000
0.23760872 -0.11008229 1.74100006 0.000000
0.23596716 -0.23242980 1.69700003 0.000000
0.23667514 -0.22847410 1.70200002 0.000000
0.22896898 -0.18952395 1.64600003 0.000000
0.22870155 -0.18480624 1.64400005 0.000000
0.24180228 -0.10982270 1.73700011 0.000000
0.24055594 -0.10452726 1.72800004 0.000000
0.23021811 -0.23127237 1.62400007 0.000000
0.23832457 -0.23022559 1.68100011 0.000000
0.23530088 -0.19100976 1.65900004 0.000000
0.23658848 -0.18749328 1.66800010 0.000000
0.24370882 -0.10385545 1.71700013 0.000000
0.23939864 -0.24047418 1.65700006 0.000000
0.24244617 -0.23894918 1.67800009 0.000000
0.24473871 -0.19491294 1.69300008 0.000000
0.23940116 -0.18613343 1.65600014 0.000000
0.25114739 -0.10025001 1.73600006 0.000000
0.24080884 -0.24187064 1.63600004 0.000000
0.24287297 -0.18983603 1.64900005 0.000000
0.25632408 -0.10041687 1.73900008 0.000000
0.24435247 -0.24541025 1.63000011 0.000000
0.24331675 -0.23993514 1.62300003 0.000000
0.24511693 -0.18809788 1.63400006 0.000000
0.26046547 -0.10017943 1.73500013 0.000000
0.25957102 -0.09510427 1.72900009 0.000000
0.25564614 -0.25673300 1.67500007 0.000000
0.25062367 -0.24720290 1.64200008 0.000000
0.24436502 -0.18853845 1.60000002 0.000000
0.25048584 -0.18877709 1.64000010 0.000000
0.25095552 -0.18463880 1.64300013 0.000000
0.26107493 -0.09394301 1.70800006 0.000000
0.25910538 -0.26018757 1.66800010 0.000000
0.25557584 -0.18922585 1.64400005 0.000000
0.25465462 -0.18406552 1.63800013 0.000000
0.26604187 -0.09404678 1.71000004 0.000000
0.26589242 -0.08931802 1.70900011 0.000000
0.25840116 -0.26392737 1.63500011 0.000000
0.25936437 -0.26042891 1.64100003 0.000000
0.26178211 -0.19499543 1.65500009 0.000000
0.25657409 -0.18668203 1.62200010 0.000000
0.27260819 -0.08999139 1.72200012 0.000000
0.26703170 -0.26810911 1.66100013 0.000000
0.26049709 -0.19074187 1.61900008 0.000000
0.26034808 -0.18620992 1.61800003 0.000000
0.25842875 -0.18044691 1.60600007 0.000000
0.27923292 -0.09061236 1.73400009 0.000000
0.27859482 -0.08567245 1.73000014 0.000000
0.26238209 -0.26342306 1.60500002 0.000000
0.26720855 -0.18792425 1.63300014 0.000000
0.26754773 -0.18369354 1.63500011 0.000000
0.29050085 -0.09754681 1.77400005 0.000000
0.28755975 -0.09175569 1.75600004 0.000000
0.28429073 -0.08596366 1.73600006 0.000000
0.27685580 -0.28248486 1.66600013 0.000000
0.27430397 -0.19425158 1.64900005 0.000000
0.27514806 -0.19032867 1.65400004 0.000000
0.27715662 -0.18716434 1.66600013 0.000000
0.29201630 -0.08684894 1.75400007 0.000000
0.29102325 -0.08177208 1.74800003 0.000000
0.27745265 -0.18882048 1.64100003 0.000000
0.27898657 -0.18535474 1.65000010 0.000000
0.29459357 -0.08619921 1.74100006 0.000000
0.29730690 -0.08218733 1.75700009 0.000000
0.28779149 -0.28887880 1.67700005 0.000000
0.28140366 -0.18846297 1.63800013 0.000000
0.28107232 -0.18376994 1.63600004 0.000000
0.30105960 -0.08190084 1.75100005 0.000000
0.30106530 -0.07711326 1.75100005 0.000000
0.29128981 -0.29237306 1.67100012 0.000000
0.28289434 -0.18649468 1.62100005 0.000000
0.28360474 -0.18252224 1.62500012 0.000000
0.30513385 -0.07693157 1.74700010 0.000000
0.28553244 -0.18533184 1.61100006 0.000000
0.28589919 -0.18116224 1.61300004 0.000000
0.31254998 -0.07758649 1.76200008 0.000000
0.30652434 -0.07136507 1.72800004 0.000000
0.28847528 -0.18439914 1.60300004 0.000000
0.28902748 -0.18036388 1.60600007 0.000000
0.31789115 -0.07288782 1.76500010 0.000000
0.31915712 -0.06833239 1.77200007 0.000000
0.29393142 -0.18507680 1.60900009 0.000000
0.29485732 -0.18125001 1.61400008 0.000000
0.32104835 -0.07251079 1.75600004 0.000000
0.32105353 -0.06771038 1.75600004 0.000000
0.31235391 -0.31344706 1.68700004 0.000000
0.29904860 -0.18552426 1.61300004 0.000000
0.29943201 -0.18134989 1.61500013 0.000000
0.32378981 -0.06728123 1.74500012 0.000000
0.31167790 -0.30822688 1.65900004 0.000000
0.30287001 -0.18516649 1.61000013 0.000000
0.30382329 -0.18133740 1.61500013 0.000000
0.32627702 -0.06681354 1.73300004 0.000000
0.32891771 -0.06257796 1.74700010 0.000000
0.31407145 -0.31064367 1.64800012 0.000000
0.30915526 -0.18630376 1.62000012 0.000000
0.30611449 -0.18008976 1.60400009 0.000000
0.33118096 -0.06684704 1.73400009 0.000000
0.33462378 -0.06275232 1.75200009 0.000000
0.34207731 -0.05925376 1.79100013 0.000000
0.31756425 -0.31414726 1.64300013 0.000000
0.30871969 -0.18341593 1.59500003 0.000000
0.30873233 -0.17906678 1.59500003 0.000000
0.33938760 -0.06274755 1.75200009 0.000000
0.35004660 -0.05977855 1.80700004 0.000000
0.32222316 -0.31432050 1.64400005 0.000000
0.31658721 -0.18547288 1.61300004 0.000000
0.31385216 -0.17950323 1.59900010 0.000000
0.30581686 -0.17065208 1.55800009 0.000000
0.34553018 -0.05818617 1.75900006 0.000000
0.33561176 -0.32749373 1.68900013 0.000000
0.32853159 -0.18982901 1.65100002 0.000000
0.32018697 -0.18061309 1.60900009 0.000000
0.35150614 -0.05838014 1.76500010 0.000000
0.32474697 -0.18510185 1.61000013 0.000000
0.32597020 -0.18138598 1.61600006 0.000000
0.35751384 -0.05857405 1.77100003 0.000000
0.32912019 -0.18508872 1.61000013 0.000000
0.32749775 -0.17980175 1.60200012 0.000000
0.36212116 -0.05853641 1.77000010 0.000000
0.36376229 -0.05394273 1.77800012 0.000000
0.33288425 -0.18035001 1.60700011 0.000000
0.33268991 -0.17585939 1.60600007 0.000000
0.36776304 -0.05381715 1.77400005 0.000000
0.36563155 -0.35249075 1.74500012 0.000000
0.33368024 -0.17842931 1.59000003 0.000000
0.33726078 -0.17595619 1.60700011 0.000000
0.37090111 -0.05357023 1.76600003 0.000000
0.37531570 -0.04932500 1.78700006 0.000000
0.36037305 -0.34758759 1.69800007 0.000000
0.36378813 -0.34620944 1.71400011 0.000000
0.33948508 -0.17920192 1.59700012 0.000000
0.33609655 -0.17309679 1.58100009 0.000000
0.37612638 -0.04879670 1.76800013 0.000000
0.37804472 -0.04419039 1.77700007 0.000000
0.36539176 -0.35259265 1.70000005 0.000000
0.36519608 -0.34777310 1.69900012 0.000000
0.34489658 -0.17974997 1.60200012 0.000000
0.34663191 -0.17625906 1.61000013 0.000000
0.38071108 -0.04876521 1.76700008 0.000000
0.37920660 -0.04376415 1.76000011 0.000000
0.36129877 -0.34427756 1.66000009 0.000000
0.35011658 -0.18018571 1.60600007 0.000000
0.38812581 -0.04909246 1.77900004 0.000000
0.38594779 -0.04398442 1.76900005 0.000000
0.35696986 -0.34036058 1.62000012 0.000000
0.36271766 -0.34135538 1.64600003 0.000000
0.34585369 -0.18006769 1.56700003 0.000000
0.35116389 -0.17848977 1.59100008 0.000000
0.35117680 -0.17415354 1.59100008 0.000000
0.39384142 -0.04432897 1.78300011 0.000000
0.36313093 -0.34644136 1.62800002 0.000000
0.37385648 -0.35210714 1.67600012 0.000000
0.35323322 -0.18166329 1.58100009 0.000000
0.35123539 -0.17634536 1.57200003 0.000000
0.35325915 -0.17304625 1.58100009 0.000000
0.39577296 -0.04400222 1.77000010 0.000000
0.39555269 -0.03914592 1.76900005 0.000000
0.37093368 -0.34961480 1.64300013 0.000000
0.35232094 -0.17900747 1.55800009 0.000000
0.35414302 -0.17565946 1.56600010 0.000000
0.39695409 -0.04360094 1.75400007 0.000000
0.39741006 -0.03885511 1.75600004 0.000000
0.38909882 -0.36236301 1.70300007 0.000000
0.35906413 -0.18025823 1.56900012 0.000000
0.35770398 -0.17531012 1.56300008 0.000000
0.39896709 -0.03854221 1.74200010 0.000000
0.36449006 -0.17653099 1.57400012 0.000000
0.40971693 -0.03911430 1.76800013 0.000000
0.36944771 -0.18115090 1.57700002 0.000000
0.36946082 -0.17685448 1.57700002 0.000000
0.39037645 -0.35998511 1.65000010 0.000000
0.37419716 -0.18136743 1.57900012 0.000000
0.37373623 -0.17684150 1.57700002 0.000000
0.42072755 -0.03924066 1.77400005 0.000000
0.42262787 -0.03455251 1.78200006 0.000000
0.37873018 -0.17716493 1.58000004 0.000000
0.37850338 -0.17275101 1.57900012 0.000000
0.42433709 -0.03912688 1.76900005 0.000000
0.38398218 -0.17760043 1.58400011 0.000000
0.38520718 -0.17383224 1.58900011 0.000000
0.42864642 -0.03907946 1.76700008 0.000000
0.42792168 -0.03419793 1.76400006 0.000000
0.37674120 -0.17650461 1.53700006 0.000000
0.38950032 -0.17814799 1.58900011 0.000000
0.38926810 -0.17371005 1.58800006 0.000000
0.43490952 -0.03436961 1.77300012 0.000000
0.38338411 -0.17764007 1.54700005 0.000000
0.39132753 -0.17701390 1.57900012 0.000000
0.39282736 -0.17336911 1.58500004 0.000000
0.39108270 -0.17923465 1.56100011 0.000000
0.39284939 -0.17576791 1.56800008 0.000000
0.39227229 -0.17784390 1.54900002 0.000000
0.39532411 -0.17497048 1.56100011 0.000000
0.39685625 -0.17137510 1.56700003 0.000000
0.45362949 -0.02980601 1.79000008 0.000000
0.41473487 -0.36718124 1.62300003 0.000000
0.39697972 -0.17806067 1.55100012 0.000000
0.40134379 -0.17574230 1.56800008 0.000000
0.40314817 -0.17223743 1.57500005 0.000000
0.40635324 -0.18034373 1.57100010 0.000000
0.40740076 -0.17651406 1.57500005 0.000000
0.40922415 -0.17299028 1.58200002 0.000000
0.45012304 -0.02895208 1.73900008 0.000000
0.41060725 -0.18033075 1.57100010 0.000000
0.41035870 -0.17594098 1.57000005 0.000000
0.41141683 -0.17210300 1.57400012 0.000000
0.41874811 -0.17080167 1.60200012 0.000000
0.41487354 -0.17604035 1.57100010 0.000000
0.41726288 -0.17274649 1.58000004 0.000000
0.46244523 -0.02913049 1.75000012 0.000000
0.42339516 -0.17782049 1.58700013 0.000000
0.47812453 -0.03469601 1.79100013 0.000000
0.47625840 -0.02969406 1.78400004 0.000000
0.42822987 -0.17803185 1.58900011 0.000000
0.42878148 -0.17392409 1.59100008 0.000000
0.48594028 -0.02999126 1.80200005 0.000000
0.47434667 -0.02447776 1.75900006 0.000000
0.42626998 -0.17544244 1.56600010 0.000000
0.42709893 -0.17150684 1.56900012 0.000000
0.48673055 -0.02973922 1.78700006 0.000000
0.48455372 -0.02475409 1.77900004 0.000000
0.47235906 -0.40790763 1.72100008 0.000000
0.45865145 -0.39152315 1.67100012 0.000000
0.42830864 -0.17453383 1.55800009 0.000000
0.48248976 -0.02440428 1.75400007 0.000000
0.43890974 -0.17709790 1.58100009 0.000000
0.47945657 -0.02401279 1.72600007 0.000000
0.44289473 -0.18127416 1.58000004 0.000000
0.44907424 -0.17943770 1.60200012 0.000000
0.48861286 -0.02423347 1.74200010 0.000000
0.45169780 -0.18309721 1.59600008 0.000000
0.45171025 -0.17875321 1.59600008 0.000000
0.45511895 -0.17572026 1.60800004 0.000000
0.47586593 -0.40433687 1.66800010 0.000000
0.49442467 -0.41539112 1.73300004 0.000000
0.45056155 -0.18948822 1.57700002 0.000000
0.45343137 -0.18637118 1.58700013 0.000000
0.45087242 -0.18101978 1.57800007 0.000000
0.45231336 -0.17728497 1.58300006 0.000000
0.48348823 -0.42976820 1.67900014 0.000000
0.48551685 -0.42698520 1.68600011 0.000000
0.48149836 -0.41890287 1.67200005 0.000000
0.47344810 -0.40742695 1.64400005 0.000000
0.47346151 -0.40296611 1.64400005 0.000000
0.48585916 -0.40892842 1.68700004 0.000000
0.45309719 -0.18875463 1.57100010 0.000000
0.45484021 -0.18518430 1.57700002 0.000000
0.45312202 -0.18020453 1.57100010 0.000000
0.45255730 -0.17570503 1.56900012 0.000000
0.45978025 -0.17416625 1.59400010 0.000000
0.51775217 -0.02495098 1.79400003 0.000000
0.48892558 -0.42595935 1.68200004 0.000000
0.48515943 -0.41813827 1.66900003 0.000000
0.49188545 -0.41012645 1.69200003 0.000000
0.46342140 -0.20425864 1.59200013 0.000000
0.45470142 -0.19616024 1.56200004 0.000000
0.45563653 -0.17524517 1.56500006 0.000000
0.45506600 -0.17076738 1.56300008 0.000000
0.51502854 -0.02458748 1.76800013 0.000000
0.51706940 -0.01984634 1.77500010 0.000000
0.48384175 -0.40416527 1.64900005 0.000000
0.46974421 -0.21819089 1.59900010 0.000000
0.46358833 -0.21103366 1.57800007 0.000000
0.46888974 -0.20909993 1.59600008 0.000000
0.46015117 -0.17960684 1.56600010 0.000000
0.46016306 -0.17534533 1.56600010 0.000000
0.46046853 -0.17119278 1.56700003 0.000000
0.51657385 -0.02443262 1.75700009 0.000000
0.52157366 -0.01983363 1.77400005 0.000000
0.48327425 -0.21797420 1.63000011 0.000000
0.46586913 -0.18016836 1.57100010 0.000000
0.46588093 -0.17589344 1.57100010 0.000000
0.46440971 -0.17107204 1.56600010 0.000000
0.53111458 -0.02488961 1.79000008 0.000000
0.52221489 -0.01967560 1.76000011 0.000000
0.47221240 -0.18095927 1.57800007 0.000000
0.47102705 -0.17621766 1.57400012 0.000000
0.47133783 -0.17204376 1.57500005 0.000000
0.52697021 -0.02447061 1.76000011 0.000000
0.47255415 -0.17945682 1.56500006 0.000000
0.47347152 -0.17553444 1.56800008 0.000000
0.47434875 -0.17852797 1.55700004 0.000000
0.47405538 -0.17417978 1.55600011 0.000000
0.47794402 -0.17828733 1.55500007 0.000000
0.47641832 -0.17349702 1.55000007 0.000000
0.51817280 -0.02801362 1.68500006 0.000000
0.48121822 -0.17793217 1.55200005 0.000000
0.48339975 -0.17449339 1.55900002 0.000000
0.49073136 -0.17987002 1.56900012 0.000000
0.49105516 -0.17571360 1.57000005 0.000000
0.49749714 -0.18077609 1.57700002 0.000000
0.49277589 -0.17480746 1.56200004 0.000000
0.50588596 -0.18658020 1.59000003 0.000000
0.49889711 -0.17973354 1.56800008 0.000000
0.49827144 -0.17524445 1.56600010 0.000000
0.55866915 -0.01960817 1.75500011 0.000000
0.56790197 -0.01507272 1.78400004 0.000000
0.49832311 -0.17800358 1.55300009 0.000000
0.49865443 -0.17389117 1.55400002 0.000000
0.56726253 -0.01974086 1.76700008 0.000000
0.56597966 -0.01489425 1.76300013 0.000000
0.49992263 -0.18127844 1.54500008 0.000000
0.50349241 -0.17833702 1.55600011 0.000000
0.50512058 -0.17466415 1.56100011 0.000000
0.56815100 -0.01960544 1.75500011 0.000000
0.50540489 -0.18173739 1.54900002 0.000000
0.50933051 -0.17889979 1.56100011 0.000000
0.51325613 -0.17599666 1.57300007 0.000000
0.58170539 -0.01990570 1.78200006 0.000000
0.58138013 -0.01504425 1.78100014 0.000000
0.51156670 -0.18243115 1.55500007 0.000000
0.51289266 -0.17866047 1.55900002 0.000000
0.51882452 -0.17643413 1.57700002 0.000000
0.58454406 -0.01983734 1.77600014 0.000000
0.58257043 -0.01495032 1.77000010 0.000000
0.51079559 -0.18066142 1.54000008 0.000000
0.51113713 -0.17658789 1.54100013 0.000000
0.59066862 -0.01988070 1.78000009 0.000000
0.51261860 -0.17983054 1.53300011 0.000000
0.51095617 -0.17508863 1.52800012 0.000000
0.60216731 -0.02010276 1.80000007 0.000000
0.60618287 -0.01530305 1.81200004 0.000000
0.53293431 -0.18975063 1.58100009 0.000000
0.52350545 -0.18216704 1.55300009 0.000000
0.52351487 -0.17794380 1.55300009 0.000000
0.60804105 -0.02013497 1.80300009 0.000000
0.61310071 -0.01535274 1.81800008 0.000000
0.53585970 -0.18497267 1.57700002 0.000000
0.53383034 -0.17999686 1.57100010 0.000000
0.60781205 -0.01996619 1.78800011 0.000000
0.61631161 -0.01530954 1.81300008 0.000000
0.54114217 -0.18961142 1.58000004 0.000000
0.53395891 -0.18285212 1.55900002 0.000000
0.53602308 -0.17930025 1.56500006 0.000000
0.61915183 -0.02017710 1.80700004 0.000000
0.62292194 -0.01535081 1.81800008 0.000000
0.52919060 -0.18396211 1.53300011 0.000000
0.53092545 -0.18038020 1.53800011 0.000000
0.53438628 -0.17734374 1.54800010 0.000000
0.62886769 -0.02033218 1.82100010 0.000000
0.52950960 -0.18263340 1.52200007 0.000000
0.53334516 -0.17978512 1.53300011 0.000000
0.53787655 -0.17710599 1.54600012 0.000000
0.62995821 -0.02020815 1.81000006 0.000000
0.52239841 -0.18283632 1.49000013 0.000000
0.53257418 -0.18226497 1.51900005 0.000000
0.53678983 -0.17954215 1.53100002 0.000000
0.62958646 -0.02003950 1.79500008 0.000000
0.54056931 -0.18357660 1.53000009 0.000000
0.54234409 -0.18000305 1.53500009 0.000000
0.62418574 -0.01971461 1.76600003 0.000000
0.55217648 -0.19030489 1.55100012 0.000000
0.54720032 -0.18440844 1.53700006 0.000000
0.54435992 -0.17929149 1.52900004 0.000000
0.55888379 -0.19115582 1.55800009 0.000000
0.55673927 -0.18620026 1.55200005 0.000000
0.55567074 -0.18162893 1.54900002 0.000000
0.63695782 -0.01981288 1.77500010 0.000000
0.55731660 -0.18918510 1.54200006 0.000000
0.55804688 -0.18523288 1.54400003 0.000000
0.55733144 -0.18080063 1.54200006 0.000000
0.66055447 -0.02039222 1.82700014 0.000000
0.56112534 -0.18905507 1.54100013 0.000000
0.56076837 -0.18474571 1.54000008 0.000000
0.65092123 -0.01994472 1.78700006 0.000000
0.56382841 -0.18855725 1.53700006 0.000000
0.56346852 -0.18425885 1.53600001 0.000000
0.57205385 -0.18989992 1.54800010 0.000000
0.57058227 -0.18521176 1.54400003 0.000000
0.63766009 -0.02394413 1.72500002 0.000000
0.57698900 -0.19013873 1.55000007 0.000000
0.57550633 -0.18544520 1.54600012 0.000000
0.57178998 -0.18006991 1.53600001 0.000000
0.65759063 -0.01970742 1.76600003 0.000000
0.58080465 -0.19422071 1.54900002 0.000000
0.58081073 -0.19000982 1.54900002 0.000000
0.57969195 -0.18543901 1.54600012 0.000000
0.66648930 -0.02466361 1.77700007 0.000000
0.66724044 -0.01985157 1.77900004 0.000000
0.58462209 -0.19408940 1.54800010 0.000000
0.58425009 -0.18975857 1.54700005 0.000000
0.67053819 -0.02463475 1.77500010 0.000000
0.67922783 -0.02006269 1.79800010 0.000000
0.58729357 -0.19358230 1.54400003 0.000000
0.58729899 -0.18938501 1.54400003 0.000000
0.68104571 -0.01997255 1.79000008 0.000000
0.59262574 -0.19395313 1.54700005 0.000000
0.59416318 -0.19023833 1.55100012 0.000000
0.67783892 -0.02454939 1.76900005 0.000000
0.68550330 -0.01996056 1.78900003 0.000000
0.68358815 -0.01505198 1.78400004 0.000000
0.59604126 -0.19789742 1.54500008 0.000000
0.59257388 -0.19256912 1.53600001 0.000000
0.68956941 -0.02479820 1.78700006 0.000000
0.69150048 -0.01511888 1.79200006 0.000000
0.59867495 -0.19738050 1.54100013 0.000000
0.59595978 -0.19231381 1.53400004 0.000000
0.69051874 -0.01982513 1.77700007 0.000000
0.60089660 -0.19673589 1.53600001 0.000000
0.60090059 -0.19256033 1.53600001 0.000000
0.71136892 -0.02522650 1.81800008 0.000000
0.72271729 -0.02060533 1.84700012 0.000000
0.60663736 -0.19724439 1.54000008 0.000000
0.60664099 -0.19305791 1.54000008 0.000000
0.70249885 -0.02473999 1.78300011 0.000000
0.70683360 -0.02001336 1.79400003 0.000000
0.61239755 -0.20195061 1.54400003 0.000000
0.61319411 -0.19800940 1.54600012 0.000000
0.61081761 -0.19305442 1.54000008 0.000000
0.70534146 -0.02466980 1.77800012 0.000000
0.70097840 -0.01971151 1.76700008 0.000000
0.71288055 0.00927754 1.79700005 0.000000
0.70970660 0.01410176 1.78900003 0.000000
0.71525991 0.01911571 1.80300009 0.000000
0.72478014 0.02433901 1.82700014 0.000000
0.72358918 0.02925972 1.82400012 0.000000
0.61938214 -0.20286316 1.55100012 0.000000
0.61379421 -0.19685362 1.53700006 0.000000
0.61299843 -0.19242449 1.53500009 0.000000
0.71614617 -0.02487715 1.79300010 0.000000
0.72293806 0.00442188 1.81000006 0.000000
0.71614778 0.00925660 1.79300010 0.000000
0.71534866 0.01411709 1.79100013 0.000000
0.72054052 0.01912572 1.80400014 0.000000
0.61836463 -0.20116021 1.53800011 0.000000
0.61474860 -0.19582632 1.52900004 0.000000
0.60992640 -0.19016531 1.51700008 0.000000
0.72100139 -0.02487643 1.79300010 0.000000
0.71939349 -0.01995572 1.78900003 0.000000
0.72220933 0.00927182 1.79600012 0.000000
0.72140473 0.01414032 1.79400003 0.000000
0.72582763 0.01913576 1.80500007 0.000000
0.62537116 -0.20627382 1.54500008 0.000000
0.61687291 -0.19932689 1.52400005 0.000000
0.61566067 -0.19479945 1.52100003 0.000000
0.60716248 -0.18803194 1.50000012 0.000000
0.72909564 -0.02988443 1.80100012 0.000000
0.72423840 -0.02482025 1.78900003 0.000000
0.72464377 -0.01996633 1.79000008 0.000000
0.72585887 0.01413205 1.79300010 0.000000
0.62712198 -0.20547105 1.53900003 0.000000
0.61938131 -0.19880193 1.52000010 0.000000
0.61612302 -0.19364491 1.51200008 0.000000
0.75230092 -0.08082867 1.84600008 0.000000
0.75800818 -0.07638390 1.86000013 0.000000
0.72459376 -0.06334676 1.77800012 0.000000
0.71562946 -0.05778788 1.75600004 0.000000
0.74171293 -0.05494491 1.82000005 0.000000
0.74783027 -0.03543786 1.83500004 0.000000
0.73152959 -0.02978412 1.79500008 0.000000
0.73642075 -0.02506935 1.80700004 0.000000
0.64606994 -0.21027608 1.57500005 0.000000
0.62309974 -0.19866978 1.51900005 0.000000
0.62228054 -0.19428380 1.51700008 0.000000
0.70479798 -0.06120771 1.71800005 0.000000
0.69167143 -0.05548301 1.68600011 0.000000
0.71628720 -0.05270969 1.74600005 0.000000
0.72531372 -0.04856621 1.76800013 0.000000
0.73105824 -0.04410505 1.78200006 0.000000
0.74090499 -0.03978803 1.80600011 0.000000
0.73475218 -0.03458733 1.79100013 0.000000
0.73926616 -0.02499940 1.80200005 0.000000
0.74459982 -0.02024420 1.81500006 0.000000
0.75075400 -0.01543516 1.83000004 0.000000
0.75731826 -0.01055025 1.84600008 0.000000
0.75321591 -0.00550043 1.83600008 0.000000
0.74870330 -0.00050471 1.82500005 0.000000
0.74788272 0.00445316 1.82300007 0.000000
0.62722689 -0.19866884 1.51900005 0.000000
0.71441203 -0.05692981 1.73000014 0.000000
0.71028346 -0.05192371 1.72000003 0.000000
0.73547482 -0.04892230 1.78100014 0.000000
0.74125707 -0.04442587 1.79500008 0.000000
0.74703932 -0.03985330 1.80900013 0.000000
0.74497527 -0.03483764 1.80400014 0.000000
0.73671675 -0.02960029 1.78400004 0.000000
0.74249876 -0.02494338 1.79800010 0.000000
0.74910653 -0.02023262 1.81400013 0.000000
0.75117165 -0.01534206 1.81900012 0.000000
0.75323671 -0.01042430 1.82400012 0.000000
0.75282395 -0.00546137 1.82300007 0.000000
0.75406289 -0.00050498 1.82600009 0.000000
0.74704254 0.00441887 1.80900013 0.000000
0.74126095 0.00926575 1.79500008 0.000000
0.63093960 -0.20266488 1.51800013 0.000000
0.63218665 -0.19892986 1.52100003 0.000000
0.75485235 -0.04988278 1.81600010 0.000000
0.74986517 -0.04464778 1.80400014 0.000000
0.75402260 -0.03996269 1.81400013 0.000000
0.75069785 -0.03487561 1.80600011 0.000000
0.74778885 -0.02984860 1.79900014 0.000000
0.74820495 -0.02497064 1.80000007 0.000000
0.75277776 -0.02019877 1.81100011 0.000000
0.75776613 -0.01537550 1.82300007 0.000000
0.75651938 -0.01040124 1.82000005 0.000000
0.75485677 -0.00544029 1.81600010 0.000000
0.75444120 -0.00050193 1.81500006 0.000000
0.75360978 0.00442856 1.81300008 0.000000
0.74903733 0.00930170 1.80200005 0.000000
0.63506716 -0.20266493 1.51800013 0.000000
0.63674039 -0.19906057 1.52200007 0.000000
0.75768673 -0.04482028 1.81100011 0.000000
0.75768733 -0.03989593 1.81100011 0.000000
0.75559610 -0.03487502 1.80600011 0.000000
0.75099432 -0.02978173 1.79500008 0.000000
0.74890286 -0.02483149 1.79000008 0.000000
0.75308704 -0.02007573 1.80000007 0.000000
0.75978154 -0.01531620 1.81600010 0.000000
0.76563901 -0.01045820 1.83000004 0.000000
0.75810826 -0.00542821 1.81200004 0.000000
0.75517964 -0.00049915 1.80500007 0.000000
0.75434279 0.00440405 1.80300009 0.000000
0.75225079 0.00928090 1.79800010 0.000000
0.63666975 -0.20186438 1.51200008 0.000000
0.63119507 -0.19605276 1.49900007 0.000000
0.76217890 -0.04479488 1.81000006 0.000000
0.76175839 -0.03985129 1.80900013 0.000000
0.75754803 -0.03473933 1.79900014 0.000000
0.75460076 -0.02973151 1.79200006 0.000000
0.75039017 -0.02472015 1.78200006 0.000000
0.74870616 -0.01983007 1.77800012 0.000000
0.75670713 -0.01515572 1.79700005 0.000000
0.77018231 -0.01045233 1.82900012 0.000000
0.76891929 -0.00547007 1.82600009 0.000000
0.76512939 -0.00050246 1.81700003 0.000000
0.74660122 0.00433071 1.77300012 0.000000
0.74070579 0.00907945 1.75900006 0.000000
0.72049308 0.01348411 1.71100008 0.000000
0.64247906 -0.20239934 1.51600003 0.000000
0.76539588 -0.04469534 1.80600011 0.000000
0.76242965 -0.03963051 1.79900014 0.000000
0.75903958 -0.03458441 1.79100013 0.000000
0.75268286 -0.02946568 1.77600014 0.000000
0.74674982 -0.02444239 1.76200008 0.000000
0.74632621 -0.01964021 1.76100004 0.000000
0.74505514 -0.01482661 1.75800014 0.000000
0.74971706 -0.01010932 1.76900005 0.000000
0.74929339 -0.00529625 1.76800013 0.000000
0.75734580 -0.00049416 1.78700006 0.000000
0.73064584 0.00889868 1.72400010 0.000000
0.75098842 0.01396466 1.77200007 0.000000
0.65343171 -0.20870307 1.53200006 0.000000
0.65257692 -0.20426992 1.53000009 0.000000
0.75920731 -0.06341095 1.78000009 0.000000
0.73361653 -0.05659677 1.72000003 0.000000
0.75409049 -0.04856173 1.76800013 0.000000
0.75920916 -0.04405144 1.78000009 0.000000
0.76560736 -0.03954198 1.79500008 0.000000
0.76646066 -0.03469991 1.79700005 0.000000
0.75963670 -0.02954833 1.78100014 0.000000
0.75110650 -0.02442826 1.76100004 0.000000
0.74812102 -0.01956194 1.75400007 0.000000
0.74513555 -0.01473368 1.74700010 0.000000
0.73831123 -0.00989205 1.73100007 0.000000
0.74129701 -0.00520633 1.73800004 0.000000
0.74812138 -0.00048503 1.75400007 0.000000
0.76006401 0.00435259 1.78200006 0.000000
0.75622523 0.00915150 1.77300012 0.000000
0.75068039 0.01386994 1.76000011 0.000000
0.66189635 -0.21006748 1.54200006 0.000000
0.65931863 -0.20507286 1.53600001 0.000000
0.76704520 -0.07823642 1.78700006 0.000000
0.77906424 -0.07452732 1.81500006 0.000000
0.76404130 -0.06825032 1.78000009 0.000000
0.75502771 -0.06266239 1.75900006 0.000000
0.74472654 -0.05708994 1.73500013 0.000000
0.74515599 -0.05240262 1.73600006 0.000000
0.74944866 -0.04795708 1.74600005 0.000000
0.75760460 -0.04367988 1.76500010 0.000000
0.76833576 -0.03943153 1.79000008 0.000000
0.77777922 -0.03498928 1.81200004 0.000000
0.74816239 -0.01943910 1.74300003 0.000000
0.75374258 -0.01480946 1.75600004 0.000000
0.75073802 -0.00999483 1.74900007 0.000000
0.74344110 -0.00518831 1.73200011 0.000000
0.75803512 -0.00048834 1.76600003 0.000000
0.75245512 0.00428172 1.75300014 0.000000
0.75545967 0.00908432 1.76000011 0.000000
0.77005363 0.01413776 1.79400003 0.000000
0.65573031 -0.20680054 1.51800013 0.000000
0.65788740 -0.20333964 1.52300012 0.000000
0.77146918 -0.07333619 1.78600013 0.000000
0.76067054 -0.06752150 1.76100004 0.000000
0.75851101 -0.06255521 1.75600004 0.000000
0.75246388 -0.05731998 1.74200010 0.000000
0.74598485 -0.05213068 1.72700012 0.000000
0.75073647 -0.04773709 1.73800004 0.000000
0.75807989 -0.04343216 1.75500011 0.000000
0.76024061 -0.01005763 1.76000011 0.000000
0.75635296 -0.00524520 1.75100005 0.000000
0.75073755 -0.00048060 1.73800004 0.000000
0.75030565 0.00424262 1.73700011 0.000000
0.75764883 0.00905330 1.75400007 0.000000
0.65725958 -0.20598620 1.51200008 0.000000
0.65986454 -0.20267496 1.51800013 0.000000
0.76197964 -0.06721460 1.75300014 0.000000
0.76111037 -0.06237694 1.75100005 0.000000
0.75937170 -0.05748434 1.74700010 0.000000
0.74111557 -0.05146645 1.70500004 0.000000
0.75980651 -0.04801161 1.74800003 0.000000
0.73285699 -0.04172444 1.68600011 0.000000
0.75980711 -0.00523619 1.74800003 0.000000
0.75546038 -0.00048060 1.73800004 0.000000
0.74937499 0.00421085 1.72400010 0.000000
0.66050762 -0.20571731 1.51000011 0.000000
0.65831679 -0.20094262 1.50500011 0.000000
0.76630855 -0.05764885 1.75200009 0.000000
0.67739570 -0.21385874 1.53900003 0.000000
0.66638738 -0.20626639 1.51400006 0.000000
0.66254759 -0.20381865 1.49600005 0.000000
0.65728003 -0.20497540 1.47500002 0.000000
0.65682900 -0.20082635 1.47400010 0.000000
0.66265494 -0.20539811 1.47800004 0.000000
0.65592390 -0.19933316 1.46300006 0.000000
0.66849947 -0.20596041 1.48200011 0.000000
0.67165047 -0.20288181 1.48900008 0.000000
0.67799121 -0.20356980 1.49400008 0.000000
0.68939143 -0.20986652 1.51000011 0.000000
0.69215637 -0.21355934 1.50700009 0.000000
0.70179272 -0.21237659 1.52800012 0.000000
0.70867336 -0.21026212 1.54300010 0.000000
0.72724158 -0.22306360 1.57400012 0.000000
0.71475708 -0.21502650 1.54700005 0.000000
0.71520978 -0.21095221 1.54800010 0.000000
0.71714848 -0.21868041 1.54300010 0.000000
0.71527922 -0.21392418 1.53900003 0.000000
0.71109551 -0.21557300 1.52100003 0.000000
0.71201986 -0.21171033 1.52300012 0.000000
0.70492435 -0.21246596 1.49900007 0.000000
0.70491320 -0.20838475 1.49900007 0.000000
0.71471739 -0.21417859 1.51100004 0.000000
0.70808351 -0.20811801 1.49700010 0.000000
0.73028803 -0.21759312 1.53500009 0.000000
0.72313911 -0.21132764 1.52000010 0.000000
0.74647188 -0.22115050 1.56000006 0.000000
0.73832375 -0.21453826 1.54300010 0.000000
0.74933571 -0.22498052 1.55700004 0.000000
0.75702107 -0.22300774 1.57300007 0.000000
0.74878383 -0.22355084 1.54700005 0.000000
0.74973643 -0.21962002 1.54900002 0.000000
0.73552352 -0.21836425 1.51100004 0.000000
0.73502105 -0.21410568 1.51000011 0.000000
0.71669930 -0.21557736 1.46400011 0.000000
0.73871201 -0.21809158 1.50900006 0.000000
0.74831039 -0.22384124 1.52000010 0.000000
0.75813854 -0.22258933 1.54000008 0.000000
0.75122887 -0.21640711 1.52600002 0.000000
0.75597543 -0.22489065 1.52700007 0.000000
0.76239252 -0.22260751 1.54000008 0.000000
0.75841379 -0.21727557 1.53200006 0.000000
0.77911544 -0.23050696 1.56500006 0.000000
0.76316506 -0.22161452 1.53300011 0.000000
0.77793950 -0.22890727 1.55400002 0.000000
0.77741832 -0.22452568 1.55300009 0.000000
0.76613533 -0.22421445 1.52200007 0.000000
0.77366477 -0.22223295 1.53700006 0.000000
0.75921899 -0.22099489 1.50000012 0.000000
0.76274043 -0.21791615 1.50700009 0.000000
0.76388925 -0.22116439 1.50100005 0.000000
0.75061411 -0.20928711 1.47500002 0.000000
0.77982605 -0.22457667 1.52400005 0.000000
0.75626516 -0.21376595 1.47800004 0.000000
0.79128945 -0.23086107 1.53800011 0.000000
0.78766286 -0.22563247 1.53100002 0.000000
0.78763843 -0.22145508 1.53100002 0.000000
0.77487767 -0.22488219 1.49800003 0.000000
0.77795577 -0.22167808 1.50400007 0.000000
0.76916838 -0.22205570 1.47900009 0.000000
0.79472792 -0.22823884 1.52000010 0.000000
0.79679179 -0.22467865 1.52400005 0.000000
0.79584455 -0.23150089 1.51400006 0.000000
0.79581541 -0.22736612 1.51400006 0.000000
0.79423153 -0.22574313 1.50300002 0.000000
0.80962086 -0.23309109 1.52400005 0.000000
0.78462213 -0.22186741 1.47700012 0.000000
0.78982431 -0.22219817 1.47900009 0.000000
0.81654817 -0.23269716 1.52100003 0.000000
0.79289472 -0.22192889 1.47700012 0.000000
0.83596146 -0.24125041 1.54900002 0.000000
0.81272066 -0.23043589 1.50600004 0.000000
0.84519565 -0.24268879 1.55800009 0.000000
0.81640834 -0.23031744 1.50500011 0.000000
0.84467018 -0.24132437 1.54900002 0.000000
0.84190613 -0.23632228 1.54400003 0.000000
0.82272243 -0.23388365 1.50100005 0.000000
0.81172317 -0.22671559 1.48100007 0.000000
0.81262988 -0.22987013 1.47500002 0.000000
0.83517939 -0.23211142 1.51600003 0.000000
0.79851943 -0.22476523 1.44200003 0.000000
0.82875443 -0.23213141 1.48900008 0.000000
0.83301020 -0.23625070 1.48900008 0.000000
0.84303737 -0.23497938 1.50700009 0.000000
0.85865819 -0.23514202 1.53500009 0.000000
0.84786934 -0.23517826 1.50800002 0.000000
0.80876988 -0.22606541 1.42400002 0.000000
0.82485539 -0.23340695 1.44500005 0.000000
0.81396353 -0.22642784 1.42600012 0.000000
0.83012134 -0.23377776 1.44700003 0.000000
0.83728015 -0.23751989 1.44500005 0.000000
0.88450778 -0.24973865 1.51900005 0.000000
0.87921232 -0.24411312 1.51000011 0.000000
0.90583378 -0.25456411 1.54800010 0.000000
0.87886035 -0.24287441 1.50200009 0.000000
0.88558233 -0.24771462 1.50600004 0.000000
0.89669031 -0.25264338 1.51000011 0.000000
0.93505412 -0.26172969 1.53700006 0.000000
0.94532400 -0.26034352 1.55400002 0.000000
0.91569060 -0.25515962 1.49800003 0.000000
0.98906225 -0.27299452 1.52200007 0.000000
0.98345894 -0.32704911 1.49700010 0.000000
0.99317950 -0.32610628 1.51200008 0.000000
0.97991252 -0.31763047 1.49200010 0.000000
0.95877093 -0.30674684 1.46000004 0.000000
0.99463701 -0.30985871 1.51500010 0.000000
0.97177351 -0.32994685 1.47200012 0.000000
0.98813808 -0.33136627 1.49700010 0.000000
1.00978029 -0.33439645 1.53000009 0.000000
1.00766277 -0.32947665 1.52700007 0.000000
1.00950694 -0.32585335 1.53000009 0.000000
0.99485981 -0.31696054 1.50800002 0.000000
0.96900523 -0.30466658 1.46900010 0.000000
0.97547734 -0.30261770 1.47900009 0.000000
1.01888037 -0.31181684 1.54500008 0.000000
1.03062415 -0.31109628 1.56300008 0.000000
0.95500547 -0.27227813 1.44900012 0.000000
0.99976188 -0.34637064 1.50700009 0.000000
0.96843803 -0.33148092 1.46000004 0.000000
0.97824502 -0.33075941 1.47500002 0.000000
0.99799848 -0.33327764 1.50500011 0.000000
1.00647736 -0.33191308 1.51800013 0.000000
1.02490008 -0.33371565 1.54600012 0.000000
1.01879489 -0.32748038 1.53700006 0.000000
1.00938010 -0.32024595 1.52300012 0.000000
0.98406589 -0.30811194 1.48500001 0.000000
0.98062593 -0.30294663 1.48000002 0.000000
1.01428914 -0.30911762 1.53100002 0.000000
1.03006077 -0.30962995 1.55500007 0.000000
1.02927232 -0.30510190 1.55400002 0.000000
0.98252410 -0.34306446 1.47400010 0.000000
0.96771151 -0.33387473 1.45200002 0.000000
1.00288355 -0.34184593 1.50500011 0.000000
1.00340164 -0.33785668 1.50600004 0.000000
1.00592053 -0.33452854 1.51000011 0.000000
1.00644290 -0.33052376 1.51100004 0.000000
1.01362741 -0.32867491 1.52200007 0.000000
1.03080070 -0.32996386 1.54800010 0.000000
0.99803656 -0.31533235 1.49900007 0.000000
1.01321495 -0.31592146 1.52200007 0.000000
1.01041985 -0.31085494 1.51800013 0.000000
1.02293503 -0.31045830 1.53700006 0.000000
1.03744566 -0.31055510 1.55900002 0.000000
0.96241778 -0.33863381 1.43700004 0.000000
0.97298038 -0.33832747 1.45300007 0.000000
0.97015142 -0.33333266 1.44900012 0.000000
0.98339230 -0.33381617 1.46900010 0.000000
1.02072728 -0.34226942 1.52500010 0.000000
1.00116920 -0.33157185 1.49600005 0.000000
0.99700952 -0.32607201 1.49000013 0.000000
1.02028394 -0.32946551 1.52500010 0.000000
1.02549267 -0.32690752 1.53300011 0.000000
1.01197457 -0.31841415 1.51300013 0.000000
1.01317537 -0.31460294 1.51500010 0.000000
1.02507699 -0.31406030 1.53300011 0.000000
0.96885562 -0.33949533 1.44000006 0.000000
0.95390135 -0.33032751 1.41800010 0.000000
0.99731666 -0.33714890 1.48300004 0.000000
1.02607834 -0.34264702 1.52600002 0.000000
1.04071569 -0.34324980 1.54800010 0.000000
1.01434708 -0.33037630 1.50900006 0.000000
0.97897589 -0.30676290 1.45700002 0.000000
1.00437105 -0.31058496 1.49500012 0.000000
1.02349961 -0.34458137 1.51500010 0.000000
1.03804517 -0.34096509 1.53700006 0.000000
1.00774384 -0.31448245 1.49300003 0.000000
0.96028388 -0.27210736 1.42400002 0.000000
0.97230309 -0.27152610 1.44200003 0.000000
1.02579284 -0.31751096 1.50600004 0.000000
1.03539073 -0.32337776 1.51300013 0.000000
1.03660667 -0.31955841 1.51500010 0.000000
1.02771008 -0.31968388 1.49500012 0.000000
1.05573702 -0.32414275 1.53600001 0.000000
1.05558217 -0.31983650 1.53600001 0.000000
1.00995982 -0.30478349 1.46300006 0.000000
1.03949225 -0.30951878 1.50600004 0.000000
1.08006096 -0.31725857 1.56500006 0.000000
1.02822113 -0.25658286 1.49200010 0.000000
1.03116071 -0.30993608 1.48700011 0.000000
1.05388844 -0.31254950 1.52000010 0.000000
1.03085792 -0.30159369 1.48700011 0.000000
1.08792067 -0.28345594 1.57100010 0.000000
1.05247319 -0.27000794 1.52000010 0.000000
1.03780651 -0.26209182 1.49900007 0.000000
1.03629875 -0.25756356 1.49700010 0.000000
1.08186114 -0.26455796 1.56300008 0.000000
1.07400429 -0.25403991 1.55200005 0.000000
1.05093944 -0.24017219 1.51900005 0.000000
1.06072426 -0.31332281 1.52300012 0.000000
1.05151498 -0.30641094 1.51000011 0.000000
1.05023849 -0.26836064 1.51000011 0.000000
1.04663241 -0.26326707 1.50500011 0.000000
1.05194473 -0.25621679 1.51300013 0.000000
1.04695654 -0.25082842 1.50600004 0.000000
1.08228827 -0.25497890 1.55700004 0.000000
1.06965721 -0.24773924 1.53900003 0.000000
1.07996500 -0.24582158 1.55400002 0.000000
1.05074954 -0.26742521 1.50400007 0.000000
1.04083908 -0.26077038 1.49000013 0.000000
1.07214296 -0.26435632 1.53500009 0.000000
0.99449414 -0.24126211 1.42400002 0.000000
1.04435349 -0.26887631 1.48800004 0.000000
1.06597376 -0.27022699 1.51900005 0.000000
1.08829272 -0.27158105 1.55100012 0.000000
1.05365241 -0.25460288 1.50200009 0.000000
1.06975627 -0.26168984 1.51800013 0.000000
1.00811076 -0.24959765 1.42400002 0.000000
-0.75170249 -0.17034528 1.64400005 1.000000
-0.75581264 -0.16678146 1.65300012 1.000000
-0.74721038 -0.17034042 1.64400005 1.000000
-0.74902391 -0.16627234 1.64800012 1.000000
-0.75311011 -0.16267343 1.65700006 1.000000
-0.74949318 -0.16737795 1.65900004 1.000000
-0.75129640 -0.16325846 1.66300011 1.000000
-0.74855399 -0.16364756 1.66700006 1.000000
-0.74713093 -0.16433157 1.67400002 1.000000
-0.74877959 -0.17029367 1.68800008 1.000000
-0.74079233 -0.16393618 1.67000008 1.000000
-0.74877453 -0.16111276 1.68800008 1.000000
-0.74285614 -0.16998853 1.68500006 1.000000
-0.73447758 -0.16354123 1.66600013 1.000000
-0.74197024 -0.16063334 1.68300009 1.000000
-0.73607486 -0.16948207 1.68000007 1.000000
-0.72950107 -0.16344118 1.66500008 1.000000
-0.73519522 -0.16015436 1.67800009 1.000000
-0.73149985 -0.16948044 1.68000007 1.000000
-0.72496718 -0.16343969 1.66500008 1.000000
-0.73193264 -0.16043933 1.68100011 1.000000
-0.73298430 -0.17089155 1.69400012 1.000000
-0.72432947 -0.16432206 1.67400002 1.000000
-0.73168445 -0.16139276 1.69100010 1.000000
-0.73267454 -0.17189954 1.70400012 1.000000
-0.72278458 -0.16500850 1.68100011 1.000000
-0.73009372 -0.16206026 1.69800007 1.000000
-0.72932130 -0.17220177 1.70700014 1.000000
-0.71949434 -0.16530266 1.68400013 1.000000
-0.72590309 -0.16215549 1.69900012 1.000000
-0.72298181 -0.17179823 1.70300007 1.000000
-0.71067053 -0.16432114 1.67400002 1.000000
-0.71576530 -0.16091490 1.68600011 1.000000
-0.71624386 -0.17129420 1.69800007 1.000000
-0.70274639 -0.16353633 1.66600013 1.000000
-0.70654339 -0.15986556 1.67500007 1.000000
-0.70911551 -0.17068967 1.69200003 1.000000
-0.69696265 -0.16324264 1.66300011 1.000000
-0.69654453 -0.15862568 1.66200006 1.000000
-0.70909983 -0.17180051 1.70300007 1.000000
-0.69494408 -0.16383277 1.66900003 1.000000
-0.69494545 -0.15929501 1.66900003 1.000000
-0.70827121 -0.15772441 1.70100009 1.000000
-0.70613021 -0.17220557 1.70700014 1.000000
-0.69041246 -0.16383430 1.66900003 1.000000
-0.68958694 -0.15910570 1.66700006 1.000000
-0.70448077 -0.15791149 1.70300007 1.000000
-0.68629318 -0.16393435 1.67000008 1.000000
-0.68506235 -0.15910760 1.66700006 1.000000
-0.69821507 -0.15754257 1.69900012 1.000000
-0.69400632 -0.17150350 1.70000005 1.000000
-0.68094504 -0.16374025 1.66800010 1.000000
-0.67890620 -0.15872805 1.66300011 1.000000
-0.69020522 -0.17170784 1.70200002 1.000000
-0.67560905 -0.16354646 1.66600013 1.000000
-0.67439514 -0.15873061 1.66300011 1.000000
-0.68859142 -0.15745474 1.69800007 1.000000
-0.68558896 -0.17171077 1.70200002 1.000000
-0.67189634 -0.16374569 1.66800010 1.000000
-0.66907966 -0.15854257 1.66100013 1.000000
-0.68680674 -0.15810680 1.70500004 1.000000
-0.66897416 -0.16414158 1.67200005 1.000000
-0.66537654 -0.15873666 1.66300011 1.000000
-0.66523659 -0.16434145 1.67400002 1.000000
-0.66086882 -0.15874016 1.66300011 1.000000
-0.66802567 -0.15588796 1.68100011 1.000000
-0.65872639 -0.16385442 1.66900003 1.000000
-0.65636230 -0.15874396 1.66300011 1.000000
-0.66386521 -0.15598449 1.68200004 1.000000
-0.65538013 -0.16415308 1.67200005 1.000000
-0.65460050 -0.15941626 1.67000008 1.000000
-0.66322821 -0.15691598 1.69200003 1.000000
-0.65513277 -0.16523753 1.68300009 1.000000
-0.65163392 -0.15980250 1.67400002 1.000000
-0.65864533 -0.15692039 1.69200003 1.000000
-0.64980149 -0.16504593 1.68100011 1.000000
-0.64710033 -0.15980719 1.67400002 1.000000
-0.65329021 -0.15673958 1.69000006 1.000000
-0.64179486 -0.16416731 1.67200005 1.000000
-0.63949692 -0.15904845 1.66600013 1.000000
-0.64487588 -0.15581705 1.68000007 1.000000
-0.63650578 -0.16397622 1.67000008 1.000000
-0.63422436 -0.15886270 1.66400003 1.000000
-0.63880348 -0.15545124 1.67600012 1.000000
-0.63236374 -0.16408001 1.67100012 1.000000
-0.63199091 -0.15944104 1.67000008 1.000000
-0.63691622 -0.15610597 1.68300009 1.000000
-0.63647676 -0.17095038 1.69400012 1.000000
-0.62558675 -0.16349667 1.66500008 1.000000
-0.62521690 -0.15887392 1.66400003 1.000000
-0.63236171 -0.15611166 1.68300009 1.000000
-0.62778914 -0.16984656 1.68300009 1.000000
-0.61921597 -0.16301176 1.66000009 1.000000
-0.61922210 -0.15849799 1.66000009 1.000000
-0.62482357 -0.15537554 1.67500007 1.000000
-0.61435419 -0.16291989 1.65900004 1.000000
-0.61399037 -0.15831326 1.65800011 1.000000
-0.61243933 -0.16361393 1.66600013 1.000000
-0.61244595 -0.15908363 1.66600013 1.000000
-0.60793275 -0.16362077 1.66600013 1.000000
-0.60720974 -0.15889937 1.66400003 1.000000
-0.61159551 -0.15548754 1.67600012 1.000000
-0.60197777 -0.16323498 1.66200006 1.000000
-0.60017383 -0.15823784 1.65700006 1.000000
-0.60525179 -0.15503053 1.67100012 1.000000
-0.59928042 -0.16373338 1.66700006 1.000000
-0.59713084 -0.15862700 1.66100013 1.000000
-0.60001403 -0.15485205 1.66900003 1.000000
-0.59156144 -0.16285692 1.65800011 1.000000
-0.59085542 -0.15815687 1.65600014 1.000000
-0.59371716 -0.15439542 1.66400003 1.000000
-0.60086060 -0.15167107 1.68400013 1.000000
-0.58707821 -0.16286464 1.65800011 1.000000
-0.58602369 -0.15806894 1.65500009 1.000000
-0.59028047 -0.15468125 1.66700006 1.000000
-0.59984875 -0.15257919 1.69400012 1.000000
-0.58048713 -0.16228318 1.65200007 1.000000
-0.57979232 -0.15759917 1.65000010 1.000000
-0.58331394 -0.15403937 1.66000009 1.000000
-0.58055359 -0.16356842 1.66500008 1.000000
-0.57846969 -0.15846679 1.65900004 1.000000
-0.57952380 -0.15423283 1.66200006 1.000000
-0.58365524 -0.17032655 1.68700004 1.000000
-0.57501447 -0.16328207 1.66200006 1.000000
-0.57260102 -0.15809290 1.65500009 1.000000
-0.57295519 -0.15368406 1.65600014 1.000000
-0.57120818 -0.16348718 1.66400003 1.000000
-0.57087350 -0.15886553 1.66300011 1.000000
-0.57191181 -0.15462038 1.66600013 1.000000
-0.56602895 -0.16329944 1.66200006 1.000000
-0.56637830 -0.15887414 1.66300011 1.000000
-0.56672752 -0.15444319 1.66400003 1.000000
-0.56288797 -0.16370146 1.66600013 1.000000
-0.56323481 -0.15926509 1.66700006 1.000000
-0.56054056 -0.15398769 1.65900004 1.000000
-0.55939019 -0.16400541 1.66900003 1.000000
-0.55906427 -0.15936962 1.66800010 1.000000
-0.55672699 -0.15418212 1.66100013 1.000000
-0.55488843 -0.15947433 1.66900003 1.000000
-0.55489761 -0.15493371 1.66900003 1.000000
-0.55357665 -0.15003240 1.66500008 1.000000
-0.54904890 -0.16363120 1.66500008 1.000000
-0.54872859 -0.15900590 1.66400003 1.000000
-0.55038673 -0.15494283 1.66900003 1.000000
-0.54226887 -0.15844201 1.65800011 1.000000
-0.54358643 -0.15430224 1.66200006 1.000000
-0.53876066 -0.15873832 1.66100013 1.000000
-0.53812152 -0.15403311 1.65900004 1.000000
-0.53587955 -0.15922594 1.66600013 1.000000
-0.53460270 -0.15432121 1.66200006 1.000000
-0.53232330 -0.16406406 1.66900003 1.000000
-0.53105766 -0.15914030 1.66500008 1.000000
-0.53106749 -0.15460949 1.66500008 1.000000
-0.52654701 -0.16368116 1.66500008 1.000000
-0.52624106 -0.15905479 1.66400003 1.000000
-0.52656734 -0.15461935 1.66500008 1.000000
-0.52361417 -0.16418317 1.67000008 1.000000
-0.52268392 -0.15935177 1.66700006 1.000000
-0.52300763 -0.15490794 1.66800010 1.000000
-0.52158654 -0.16498032 1.67800009 1.000000
-0.52066469 -0.16012691 1.67500007 1.000000
-0.52005333 -0.15538247 1.67300010 1.000000
-0.51552057 -0.15994625 1.67300010 1.000000
-0.51553100 -0.15539275 1.67300010 1.000000
-0.50885981 -0.15928763 1.66600013 1.000000
-0.50795394 -0.15447426 1.66300011 1.000000
-0.50617224 -0.15987204 1.67200005 1.000000
-0.50527465 -0.15504208 1.66900003 1.000000
-0.50164074 -0.16443412 1.67200005 1.000000
-0.50165170 -0.15988289 1.67200005 1.000000
-0.50376278 -0.15598170 1.67900014 1.000000
-0.49444404 -0.16356017 1.66300011 1.000000
-0.49534708 -0.15932009 1.66600013 1.000000
-0.49565524 -0.15487757 1.66700006 1.000000
-0.48729569 -0.16268618 1.65400004 1.000000
-0.48642296 -0.15789655 1.65100002 1.000000
-0.48702306 -0.15358755 1.65300012 1.000000
-0.48225018 -0.15800323 1.65200007 1.000000
-0.48167732 -0.15331958 1.65000010 1.000000
-0.47951791 -0.15858828 1.65800011 1.000000
-0.47895053 -0.15388802 1.65600014 1.000000
-0.47933125 -0.16003437 1.67300010 1.000000
-0.47790992 -0.15501419 1.66800010 1.000000
-0.47281939 -0.15937616 1.66600013 1.000000
-0.47396588 -0.15521121 1.67000008 1.000000
-0.46830058 -0.14885893 1.65000010 1.000000
-0.46775043 -0.15919627 1.66400003 1.000000
-0.46776178 -0.15466475 1.66400003 1.000000
-0.46074316 -0.15834671 1.65500009 1.000000
-0.46131128 -0.15402532 1.65700006 1.000000
-0.45956177 -0.16404635 1.66700006 1.000000
-0.45902216 -0.15931506 1.66500008 1.000000
-0.45848224 -0.15459435 1.66300011 1.000000
-0.46023744 -0.16592818 1.68600011 1.000000
-0.45833853 -0.16066642 1.67900014 1.000000
-0.45835018 -0.15609322 1.67900014 1.000000
-0.45594484 -0.16603874 1.68700004 1.000000
-0.45325413 -0.16048682 1.67700005 1.000000
-0.45407668 -0.15619773 1.68000007 1.000000
-0.44922286 -0.14999667 1.66200006 1.000000
-0.44549245 -0.16388549 1.66500008 1.000000
-0.44550434 -0.15935022 1.66500008 1.000000
-0.44578362 -0.15490758 1.66600013 1.000000
-0.45194942 -0.15244481 1.68900013 1.000000
-0.44045573 -0.16370071 1.66300011 1.000000
-0.43808389 -0.15830919 1.65400004 1.000000
-0.44021448 -0.15454717 1.66200006 1.000000
-0.44737756 -0.15245624 1.68900013 1.000000
-0.43726432 -0.16420506 1.66800010 1.000000
-0.43753847 -0.15975676 1.66900003 1.000000
-0.43833676 -0.15548868 1.67200005 1.000000
-0.44568899 -0.15346067 1.70000005 1.000000
-0.43560195 -0.16530022 1.67900014 1.000000
-0.43457630 -0.16034307 1.67500007 1.000000
-0.43588546 -0.15624438 1.68000007 1.000000
-0.43823221 -0.15247919 1.68900013 1.000000
-0.42874473 -0.16442642 1.67000008 1.000000
-0.42901358 -0.15997213 1.67100012 1.000000
-0.42902541 -0.15541904 1.67100012 1.000000
-0.43442884 -0.15276156 1.69200003 1.000000
-0.42701614 -0.16552183 1.68100011 1.000000
-0.42448807 -0.15998416 1.67100012 1.000000
-0.42424586 -0.15533775 1.67000008 1.000000
-0.42933840 -0.15259255 1.69000006 1.000000
-0.42296547 -0.16573116 1.68300009 1.000000
-0.42121851 -0.16047493 1.67600012 1.000000
-0.42097908 -0.15581460 1.67500007 1.000000
-0.42300144 -0.15197206 1.68300009 1.000000
-0.42585158 -0.17336567 1.71300006 1.000000
-0.41616869 -0.16485724 1.67400002 1.000000
-0.41692677 -0.16058275 1.67700005 1.000000
-0.41519839 -0.15536125 1.67000008 1.000000
-0.41744769 -0.15162238 1.67900014 1.000000
-0.41580078 -0.17115192 1.69100010 1.000000
-0.41015780 -0.16427870 1.66800010 1.000000
-0.41016996 -0.15973300 1.66800010 1.000000
-0.40944415 -0.15490784 1.66500008 1.000000
-0.41117719 -0.15100174 1.67200005 1.000000
-0.40513900 -0.16863421 1.66600013 1.000000
-0.40515143 -0.16409405 1.66600013 1.000000
-0.40589321 -0.15984084 1.66900003 1.000000
-0.40566197 -0.15519872 1.66800010 1.000000
-0.40713286 -0.15119390 1.67400002 1.000000
-0.39772543 -0.17193937 1.65400004 1.000000
-0.40014282 -0.16844437 1.66400003 1.000000
-0.40256003 -0.16489442 1.67400002 1.000000
-0.40161037 -0.15994871 1.67000008 1.000000
-0.40114135 -0.15521051 1.66800010 1.000000
-0.40259594 -0.15120541 1.67400002 1.000000
-0.39300433 -0.17184822 1.65300012 1.000000
-0.40133858 -0.17088664 1.68800008 1.000000
-0.40158904 -0.16638449 1.68900013 1.000000
-0.39637032 -0.15967342 1.66700006 1.000000
-0.39662006 -0.15522230 1.66800010 1.000000
-0.39782059 -0.15112661 1.67300010 1.000000
-0.39512968 -0.16560887 1.68100011 1.000000
-0.39138094 -0.15949391 1.66500008 1.000000
-0.39233309 -0.15532711 1.66900003 1.000000
-0.39446050 -0.15158984 1.67800009 1.000000
-0.39219812 -0.16631098 1.68800008 1.000000
-0.38779581 -0.15988915 1.66900003 1.000000
-0.38873717 -0.15571120 1.67300010 1.000000
-0.39060777 -0.15187243 1.68100011 1.000000
-0.39875221 -0.15035535 1.71600008 1.000000
-0.39152423 -0.16799852 1.70500004 1.000000
-0.38487718 -0.16057187 1.67600012 1.000000
-0.38374090 -0.15553685 1.67100012 1.000000
-0.38581938 -0.15179361 1.68000007 1.000000
-0.38463062 -0.16702573 1.69500005 1.000000
-0.37965059 -0.16029653 1.67300010 1.000000
-0.37920862 -0.15554860 1.67100012 1.000000
-0.38012803 -0.15135336 1.67500007 1.000000
-0.37309420 -0.15944619 1.66400003 1.000000
-0.37333027 -0.15500180 1.66500008 1.000000
-0.36835802 -0.15936235 1.66300011 1.000000
-0.36947736 -0.15529281 1.66800010 1.000000
-0.37214705 -0.15182817 1.68000007 1.000000
-0.37017781 -0.16676749 1.69200003 1.000000
-0.36537674 -0.16004513 1.67000008 1.000000
-0.36582619 -0.15567692 1.67200005 1.000000
-0.36890098 -0.15238194 1.68600011 1.000000
-0.36127639 -0.16024879 1.67200005 1.000000
-0.36193645 -0.15596795 1.67500007 1.000000
-0.36324456 -0.15194149 1.68100011 1.000000
-0.35759112 -0.16064411 1.67600012 1.000000
-0.35418904 -0.15458277 1.66000009 1.000000
-0.35825461 -0.15177211 1.67900014 1.000000
-0.35240889 -0.16036847 1.67300010 1.000000
-0.35178867 -0.15552559 1.67000008 1.000000
-0.35369602 -0.15178347 1.67900014 1.000000
-0.34911352 -0.16095553 1.67900014 1.000000
-0.34954113 -0.15656164 1.68100011 1.000000
-0.35183993 -0.15297008 1.69200003 1.000000
-0.34434831 -0.16087151 1.67800009 1.000000
-0.34497565 -0.15657325 1.68100011 1.000000
-0.34806544 -0.15334311 1.69600010 1.000000
-0.34019518 -0.16107507 1.68000007 1.000000
-0.34101686 -0.15686423 1.68400013 1.000000
-0.34406587 -0.15362571 1.69900012 1.000000
-0.34241131 -0.16902296 1.71400011 1.000000
-0.33583072 -0.16118272 1.68100011 1.000000
-0.33564246 -0.15650308 1.68000007 1.000000
-0.33805129 -0.15300404 1.69200003 1.000000
-0.33047459 -0.16081084 1.67700005 1.000000
-0.33068320 -0.15632819 1.67800009 1.000000
-0.33089146 -0.15183957 1.67900014 1.000000
-0.33740616 -0.15015167 1.71200013 1.000000
-0.32669425 -0.16120608 1.68100011 1.000000
-0.32592827 -0.15624633 1.67700005 1.000000
-0.32827178 -0.15275507 1.68900013 1.000000
-0.32174164 -0.16102585 1.67900014 1.000000
-0.32213628 -0.15663034 1.68100011 1.000000
-0.32272229 -0.15231387 1.68400013 1.000000
-0.32509908 -0.16976196 1.72100008 1.000000
-0.31642121 -0.16065368 1.67500007 1.000000
-0.31567681 -0.15570971 1.67100012 1.000000
-0.31663242 -0.15160121 1.67600012 1.000000
-0.31242508 -0.16095284 1.67800009 1.000000
-0.30964336 -0.15497528 1.66300011 1.000000
-0.31170243 -0.15143111 1.67400002 1.000000
-0.31245792 -0.14721233 1.67800009 1.000000
-0.30822834 -0.16115603 1.68000007 1.000000
-0.30732214 -0.15610461 1.67500007 1.000000
-0.30568168 -0.15071814 1.66600013 1.000000
-0.31119683 -0.14880209 1.69600010 1.000000
-0.30973929 -0.14349152 1.68800008 1.000000
-0.30438146 -0.16155103 1.68400013 1.000000
-0.30403107 -0.15676799 1.68200004 1.000000
-0.30512646 -0.15271915 1.68800008 1.000000
-0.31471777 -0.15276106 1.74100006 1.000000
-0.29996663 -0.16625732 1.68500006 1.000000
-0.29695141 -0.16002721 1.66800010 1.000000
-0.29838663 -0.15621965 1.67600012 1.000000
-0.29999971 -0.15245840 1.68500006 1.000000
-0.29362860 -0.16528197 1.67500007 1.000000
-0.29328915 -0.16051795 1.67300010 1.000000
-0.29487786 -0.15678975 1.68200004 1.000000
-0.29576510 -0.15264995 1.68700004 1.000000
-0.28786197 -0.16460241 1.66800010 1.000000
-0.28821814 -0.16024105 1.67000008 1.000000
-0.28978226 -0.15652081 1.67900014 1.000000
-0.29169136 -0.15293191 1.69000006 1.000000
-0.28349149 -0.16471221 1.66900003 1.000000
-0.28367230 -0.16025187 1.67000008 1.000000
-0.28487206 -0.15634499 1.67700005 1.000000
-0.28692099 -0.15285186 1.68900013 1.000000
-0.30188087 -0.15596305 1.77700007 1.000000
-0.27879140 -0.16007070 1.66800010 1.000000
-0.27963766 -0.15598258 1.67300010 1.000000
-0.28131950 -0.15231915 1.68300009 1.000000
-0.27324125 -0.16858037 1.66200006 1.000000
-0.27490702 -0.16046521 1.67200005 1.000000
-0.27590406 -0.15645918 1.67800009 1.000000
-0.27722973 -0.15260087 1.68600011 1.000000
-0.27825430 -0.17457625 1.72100008 1.000000
-0.27083847 -0.16076370 1.67500007 1.000000
-0.27149567 -0.15656275 1.67900014 1.000000
-0.27279943 -0.15270150 1.68700004 1.000000
-0.26468614 -0.15981431 1.66500008 1.000000
-0.26485533 -0.15536067 1.66600013 1.000000
-0.26566020 -0.15126313 1.67100012 1.000000
-0.25843129 -0.15876870 1.65400004 1.000000
-0.25812879 -0.15406506 1.65200007 1.000000
-0.25688851 -0.14882869 1.64400005 1.000000
-0.25377083 -0.15868281 1.65300012 1.000000
-0.25408781 -0.15435471 1.65500009 1.000000
-0.25425100 -0.14992464 1.65600014 1.000000
-0.25107536 -0.15984482 1.66500008 1.000000
-0.25199005 -0.15585679 1.67100012 1.000000
-0.25335699 -0.15210709 1.68000007 1.000000
-0.25111693 -0.16746306 1.69600010 1.000000
-0.24949829 -0.16177490 1.68500006 1.000000
-0.24980433 -0.15735894 1.68700004 1.000000
-0.24461392 -0.16159281 1.68300009 1.000000
-0.24520501 -0.15736862 1.68700004 1.000000
-0.24521452 -0.15275985 1.68700004 1.000000
-0.24243943 -0.16787840 1.70000005 1.000000
-0.23888394 -0.16083443 1.67500007 1.000000
-0.23932135 -0.15653858 1.67800009 1.000000
-0.24075696 -0.15285972 1.68800008 1.000000
-0.23332712 -0.16472813 1.66800010 1.000000
-0.23249739 -0.15959568 1.66200006 1.000000
-0.23306632 -0.15542844 1.66600013 1.000000
-0.22919859 -0.16046937 1.67100012 1.000000
-0.22920787 -0.15590413 1.67100012 1.000000
-0.22907971 -0.15124777 1.67000008 1.000000
-0.23000789 -0.16899440 1.71100008 1.000000
-0.22585000 -0.16134302 1.68000007 1.000000
-0.22612807 -0.15693957 1.68200004 1.000000
-0.22761589 -0.15333976 1.69300008 1.000000
-0.22349586 -0.16762118 1.69700003 1.000000
-0.22179304 -0.16173643 1.68400013 1.000000
-0.22206549 -0.15732181 1.68600011 1.000000
-0.22800156 -0.15679055 1.73100007 1.000000
-0.21757536 -0.16664276 1.68700004 1.000000
-0.21513392 -0.16020873 1.66800010 1.000000
-0.21540074 -0.15583763 1.67000008 1.000000
-0.22740522 -0.15969813 1.76300013 1.000000
-0.21233997 -0.16615801 1.68200004 1.000000
-0.21058148 -0.16021761 1.66800010 1.000000
-0.21046390 -0.15556632 1.66700006 1.000000
-0.21375509 -0.15336584 1.69300008 1.000000
-0.20774873 -0.16616702 1.68200004 1.000000
-0.20627534 -0.16041844 1.67000008 1.000000
-0.20603684 -0.15566814 1.66800010 1.000000
-0.20752750 -0.15219654 1.68000007 1.000000
-0.20291524 -0.16597828 1.68000007 1.000000
-0.20074971 -0.15965851 1.66200006 1.000000
-0.19991250 -0.15446319 1.65500009 1.000000
-0.19832811 -0.16598697 1.68000007 1.000000
-0.19538516 -0.15899441 1.65500009 1.000000
-0.19385850 -0.15325795 1.64200008 1.000000
-0.19304834 -0.16540264 1.67400002 1.000000
-0.19121143 -0.15929082 1.65800011 1.000000
-0.19110414 -0.15466599 1.65700006 1.000000
-0.19145797 -0.15040852 1.66000009 1.000000
-0.18960220 -0.16639911 1.68400013 1.000000
-0.18859701 -0.16093221 1.67500007 1.000000
-0.18837976 -0.15616737 1.67300010 1.000000
-0.19007657 -0.15295333 1.68800008 1.000000
-0.18621056 -0.16749428 1.69500005 1.000000
-0.18402138 -0.16094019 1.67500007 1.000000
-0.18369958 -0.15608178 1.67200005 1.000000
-0.18579474 -0.15323280 1.69100010 1.000000
-0.17997293 -0.16602008 1.68000007 1.000000
-0.17880233 -0.16037145 1.66900003 1.000000
-0.17870279 -0.15571596 1.66800010 1.000000
-0.17475617 -0.16543496 1.67400002 1.000000
-0.17465945 -0.16076344 1.67300010 1.000000
-0.17487571 -0.15637691 1.67500007 1.000000
-0.17530060 -0.15216011 1.67900014 1.000000
-0.17089324 -0.16613445 1.68100011 1.000000
-0.16978242 -0.16048262 1.67000008 1.000000
-0.16999301 -0.15610409 1.67200005 1.000000
-0.16918671 -0.15080777 1.66400003 1.000000
-0.16649675 -0.16633961 1.68300009 1.000000
-0.16521798 -0.16048992 1.67000008 1.000000
-0.16393889 -0.15471068 1.65700006 1.000000
-0.16122301 -0.16565509 1.67600012 1.000000
-0.16026816 -0.16011259 1.66600013 1.000000
-0.15979405 -0.15509106 1.66100013 1.000000
-0.15580003 -0.16477263 1.66700006 1.000000
-0.15627427 -0.16069616 1.67200005 1.000000
-0.15646799 -0.15631168 1.67400002 1.000000
-0.15060717 -0.16408759 1.66000009 1.000000
-0.15161192 -0.16060683 1.67100012 1.000000
-0.15179998 -0.15622491 1.67300010 1.000000
-0.14597997 -0.16399543 1.65900004 1.000000
-0.14695446 -0.16051729 1.67000008 1.000000
-0.14784089 -0.15688500 1.68000007 1.000000
-0.14195456 -0.16459510 1.66500008 1.000000
-0.14238724 -0.16052370 1.67000008 1.000000
-0.14273451 -0.15633096 1.67400002 1.000000
-0.13773073 -0.16499688 1.66900003 1.000000
-0.13740684 -0.16004927 1.66500008 1.000000
-0.13724780 -0.15530974 1.66300011 1.000000
-0.13244730 -0.16411330 1.66000009 1.000000
-0.13237348 -0.15947852 1.65900004 1.000000
-0.13229951 -0.15484861 1.65800011 1.000000
-0.12875365 -0.16520678 1.67100012 1.000000
-0.12837420 -0.16015726 1.66600013 1.000000
-0.12830281 -0.15550804 1.66500008 1.000000
-0.12595958 -0.17221951 1.69500005 1.000000
-0.12477638 -0.16600354 1.67900014 1.000000
-0.12507933 -0.16179721 1.68300009 1.000000
-0.12441596 -0.15635416 1.67400002 1.000000
-0.12003908 -0.16581142 1.67700005 1.000000
-0.12047405 -0.16180272 1.68300009 1.000000
-0.11462384 -0.16463034 1.66500008 1.000000
-0.11552410 -0.16132733 1.67800009 1.000000
-0.10893822 -0.16746050 1.64800012 1.000000
-0.11039767 -0.16512991 1.67000008 1.000000
-0.11099770 -0.16142857 1.67900014 1.000000
-0.11133321 -0.15730375 1.68400013 1.000000
-0.10569517 -0.16949791 1.66800010 1.000000
-0.10608034 -0.16553046 1.67400002 1.000000
-0.10659219 -0.16172193 1.68200004 1.000000
-0.10678707 -0.15740196 1.68500006 1.000000
-0.10082649 -0.16899474 1.66300011 1.000000
-0.10186198 -0.16612862 1.68000007 1.000000
-0.10216983 -0.16201513 1.68500006 1.000000
-0.10284142 -0.15843417 1.69600010 1.000000
-0.09761037 -0.16672657 1.68600011 1.000000
-0.09802015 -0.16278888 1.69300008 1.000000
-0.09842984 -0.15881228 1.70000005 1.000000
-0.09348659 -0.17225593 1.69500005 1.000000
-0.09338070 -0.16742326 1.69300008 1.000000
-0.09321953 -0.16250476 1.69000006 1.000000
-0.09399600 -0.15919022 1.70400012 1.000000
-0.08921295 -0.17297171 1.70200002 1.000000
-0.08858816 -0.16713086 1.69000006 1.000000
-0.08822530 -0.16183580 1.68300009 1.000000
-0.08739049 -0.15573761 1.66700006 1.000000
-0.08425482 -0.17236608 1.69600010 1.000000
-0.08371234 -0.16664040 1.68500006 1.000000
-0.08326906 -0.16116658 1.67600012 1.000000
-0.07914147 -0.17135370 1.68600011 1.000000
-0.07895746 -0.16634752 1.68200004 1.000000
-0.07886723 -0.16155496 1.68000007 1.000000
-0.07470140 -0.17176393 1.69000006 1.000000
-0.07430712 -0.16625224 1.68100011 1.000000
-0.07395692 -0.16088530 1.67300010 1.000000
-0.07040499 -0.17258051 1.69800007 1.000000
-0.07020102 -0.16744244 1.69300008 1.000000
-0.06970668 -0.16165794 1.68100011 1.000000
-0.06618066 -0.17370184 1.70900011 1.000000
-0.06602890 -0.16863249 1.70500004 1.000000
-0.06607072 -0.16406529 1.70600009 1.000000
-0.06059736 -0.17576866 1.68400013 1.000000
-0.06132004 -0.17319672 1.70400012 1.000000
-0.06135896 -0.16863550 1.70500004 1.000000
-0.06154177 -0.16445290 1.71000004 1.000000
-0.05641733 -0.17712845 1.69700003 1.000000
-0.05651983 -0.17279299 1.70000005 1.000000
-0.05652254 -0.16814375 1.70000005 1.000000
-0.05675793 -0.16416711 1.70700014 1.000000
-0.05179978 -0.17723551 1.69800007 1.000000
-0.05171080 -0.17228739 1.69500005 1.000000
-0.05156073 -0.16715722 1.69000006 1.000000
-0.05144110 -0.16214997 1.68600011 1.000000
-0.04714879 -0.17723796 1.69800007 1.000000
-0.04656797 -0.17046018 1.67700005 1.000000
-0.04659797 -0.16597262 1.67800009 1.000000
-0.04673900 -0.16186370 1.68300009 1.000000
-0.04621346 -0.15548424 1.66400003 1.000000
-0.04382190 -0.18755996 1.75100005 1.000000
-0.04229739 -0.17640513 1.69000006 1.000000
-0.04189900 -0.17015736 1.67400002 1.000000
-0.04177586 -0.16508451 1.66900003 1.000000
-0.04245368 -0.16311605 1.69600010 1.000000
-0.03798001 -0.17786847 1.70400012 1.000000
-0.03746922 -0.17087083 1.68100011 1.000000
-0.03747102 -0.16627336 1.68100011 1.000000
-0.03789632 -0.16350263 1.70000005 1.000000
-0.03292110 -0.17578258 1.68400013 1.000000
-0.03298137 -0.17148246 1.68700004 1.000000
-0.03296341 -0.16676959 1.68600011 1.000000
-0.02928133 -0.18660147 1.74200010 1.000000
-0.02844231 -0.17661917 1.69200003 1.000000
-0.02814112 -0.17016248 1.67400002 1.000000
-0.02807523 -0.16518842 1.67000008 1.000000
-0.02767305 -0.15831199 1.64600003 1.000000
-0.02713631 -0.15081875 1.61400008 1.000000
-0.02373667 -0.17609856 1.68700004 1.000000
-0.02347049 -0.16955385 1.66800010 1.000000
-0.02309169 -0.16232106 1.64100003 1.000000
-0.02274096 -0.15542777 1.61600006 1.000000
-0.02262942 -0.15025920 1.60800004 1.000000
-0.01889970 -0.17411630 1.66800010 1.000000
-0.01867401 -0.16752185 1.64800012 1.000000
-0.01842560 -0.16083831 1.62600005 1.000000
-0.01819982 -0.15446690 1.60600007 1.000000
-0.01817799 -0.14988634 1.60400009 1.000000
-0.01813347 -0.14513473 1.60000002 1.000000
-0.01432068 -0.17857078 1.66700006 1.000000
-0.01408944 -0.17119429 1.64000010 1.000000
-0.01406436 -0.16640447 1.63700008 1.000000
-0.01403926 -0.16163044 1.63400006 1.000000
-0.01391963 -0.15581419 1.62000012 1.000000
-0.01379138 -0.14998053 1.60500002 1.000000
-0.01373184 -0.14495401 1.59800005 1.000000
-0.01362072 -0.13943744 1.58500004 1.000000
-0.00967782 -0.17717882 1.65400004 1.000000
-0.00956713 -0.17067295 1.63500011 1.000000
-0.00958516 -0.16650671 1.63800013 1.000000
-0.00954465 -0.16133423 1.63100004 1.000000
-0.00952169 -0.15648802 1.62700009 1.000000
-0.00944019 -0.15072861 1.61300004 1.000000
-0.00932941 -0.14459167 1.59400010 1.000000
-0.00519300 -0.18334889 1.66900003 1.000000
-0.00515282 -0.17739345 1.65600014 1.000000
-0.00511885 -0.17171720 1.64500010 1.000000
-0.00510354 -0.16671036 1.64000010 1.000000
-0.00508201 -0.16153242 1.63300014 1.000000
-0.00506046 -0.15639216 1.62600005 1.000000
-0.00506692 -0.15213062 1.62800002 1.000000
-0.00061901 -0.18734831 1.66400003 1.000000
-0.00061607 -0.18192093 1.65600014 1.000000
-0.00061350 -0.17664373 1.64900005 1.000000
-0.00061130 -0.17150855 1.64300013 1.000000
-0.00060872 -0.16630389 1.63600004 1.000000
-0.00060205 -0.16004878 1.61800003 1.000000
-0.00060543 -0.15648848 1.62700009 1.000000
0.00399596 -0.19005036 1.68800008 1.000000
0.00392278 -0.18203069 1.65700006 1.000000
0.00391588 -0.17717926 1.65400004 1.000000
0.00391608 -0.17265673 1.65400004 1.000000
0.00390917 -0.16782859 1.65100002 1.000000
0.00390463 -0.16311516 1.64900005 1.000000
0.00859943 -0.18959966 1.68400013 1.000000
0.00851306 -0.18312892 1.66700006 1.000000
0.00850840 -0.17846441 1.66600013 1.000000
0.00852926 -0.17432663 1.67000008 1.000000
0.00859097 -0.17097953 1.68200004 1.000000
0.00861692 -0.16687372 1.68700004 1.000000
0.01320448 -0.18948650 1.68300009 1.000000
0.01302471 -0.18235938 1.66000009 1.000000
0.01311170 -0.17899947 1.67100012 1.000000
0.01315944 -0.17505679 1.67700005 1.000000
0.01326211 -0.17179221 1.69000006 1.000000
0.01325490 -0.16707106 1.68900013 1.000000
0.01771932 -0.18847238 1.67400002 1.000000
0.01743445 -0.18093048 1.64700007 1.000000
0.01771058 -0.17921291 1.67300010 1.000000
0.01790204 -0.17651743 1.69100010 1.000000
0.01793468 -0.17219807 1.69400012 1.000000
0.01789320 -0.16716921 1.69000006 1.000000
0.01805286 -0.16398907 1.70500004 1.000000
0.02231804 -0.18858390 1.67500007 1.000000
0.02223926 -0.18334623 1.66900003 1.000000
0.02257355 -0.18146144 1.69400012 1.000000
0.02260134 -0.17703836 1.69600010 1.000000
0.02261578 -0.17250203 1.69700003 1.000000
0.02248359 -0.16687150 1.68700004 1.000000
0.02183157 -0.15754403 1.63800013 1.000000
0.02703458 -0.18948328 1.68300009 1.000000
0.02734122 -0.18697010 1.70200002 1.000000
0.02737476 -0.18253136 1.70400012 1.000000
0.02736007 -0.17776780 1.70300007 1.000000
0.02728109 -0.17260246 1.69800007 1.000000
0.03194859 -0.18199423 1.69900012 1.000000
0.03181856 -0.17661808 1.69200003 1.000000
0.03172610 -0.17148286 1.68700004 1.000000
0.03638719 -0.18092133 1.68900013 1.000000
0.03643211 -0.17651200 1.69100010 1.000000
0.03636926 -0.17158286 1.68800008 1.000000
0.04077085 -0.17984819 1.67900014 1.000000
0.04084576 -0.17557064 1.68200004 1.000000
0.04094490 -0.17137769 1.68600011 1.000000
0.04536980 -0.17984600 1.67900014 1.000000
0.04534506 -0.17515098 1.67800009 1.000000
0.04594182 -0.17279863 1.70000005 1.000000
0.05041499 -0.18145029 1.69400012 1.000000
0.05062586 -0.17754935 1.70100009 1.000000
0.05033070 -0.17188151 1.69100010 1.000000
0.05573714 -0.18369697 1.71500003 1.000000
0.05573993 -0.17900798 1.71500003 1.000000
0.05603519 -0.17523317 1.72400010 1.000000
0.06022267 -0.18305136 1.70900011 1.000000
0.06026092 -0.17848322 1.71000004 1.000000
0.06486499 -0.18294109 1.70800006 1.000000
0.06475429 -0.17795826 1.70500004 1.000000
0.06962372 -0.18315190 1.71000004 1.000000
0.06954576 -0.17826806 1.70800006 1.000000
0.07417210 -0.18749310 1.70700014 1.000000
0.07395861 -0.18229145 1.70200002 1.000000
0.07409265 -0.17795141 1.70500004 1.000000
0.07782970 -0.18507276 1.68500006 1.000000
0.07843417 -0.18185920 1.69800007 1.000000
0.07866904 -0.17773893 1.70300007 1.000000
0.08313216 -0.18196224 1.69900012 1.000000
0.08338096 -0.17783929 1.70400012 1.000000
0.08834753 -0.18781008 1.71000004 1.000000
0.08845535 -0.18335021 1.71200013 1.000000
0.08851140 -0.17877437 1.71300006 1.000000
0.09324619 -0.18824475 1.71400011 1.000000
0.09319650 -0.18345276 1.71300006 1.000000
0.09341875 -0.17918737 1.71700013 1.000000
0.09748071 -0.18736126 1.70600009 1.000000
0.09788562 -0.18344797 1.71300006 1.000000
0.09811904 -0.17918268 1.71700013 1.000000
0.10107230 -0.18537937 1.68800008 1.000000
0.10197559 -0.18237209 1.70300007 1.000000
0.10233992 -0.17834292 1.70900011 1.000000
0.10606772 -0.18603304 1.69400012 1.000000
0.10632351 -0.18183146 1.69800007 1.000000
0.10676709 -0.17792042 1.70500004 1.000000
0.11011533 -0.18503921 1.68500006 1.000000
0.11051297 -0.18107651 1.69100010 1.000000
0.11077981 -0.17687163 1.69500005 1.000000
0.11465796 -0.18492369 1.68400013 1.000000
0.11541269 -0.18149924 1.69500005 1.000000
0.11596309 -0.17770092 1.70300007 1.000000
0.11954881 -0.18535703 1.68800008 1.000000
0.12005056 -0.18149340 1.69500005 1.000000
0.12161467 -0.17915599 1.71700013 1.000000
0.12518385 -0.19618873 1.70200002 1.000000
0.12446111 -0.18579011 1.69200003 1.000000
0.12542361 -0.18255809 1.70500004 1.000000
0.12682748 -0.17988038 1.72400010 1.000000
0.12595068 -0.17394842 1.71200013 1.000000
0.13143440 -0.20330913 1.72300005 1.000000
0.12976304 -0.19606681 1.70100009 1.000000
0.13038005 -0.19231997 1.70900011 1.000000
0.12878449 -0.18534455 1.68800008 1.000000
0.12879087 -0.18073165 1.68800008 1.000000
0.12803411 -0.17507476 1.67800009 1.000000
0.12606211 -0.16332990 1.65200007 1.000000
0.13456625 -0.20094216 1.70300007 1.000000
0.13544257 -0.19755833 1.71400011 1.000000
0.13671395 -0.19467632 1.73000014 1.000000
0.13379678 -0.18588698 1.69300008 1.000000
0.13230175 -0.17922631 1.67400002 1.000000
0.13135971 -0.17339920 1.66200006 1.000000
0.12899470 -0.16580831 1.63200009 1.000000
0.13097678 -0.16381833 1.65700006 1.000000
0.12948079 -0.15746137 1.63800013 1.000000
0.13929002 -0.21035947 1.70400012 1.000000
0.13848011 -0.20449933 1.69400012 1.000000
0.13881452 -0.20034496 1.69800007 1.000000
0.13972111 -0.19697487 1.70900011 1.000000
0.13931949 -0.19174357 1.70400012 1.000000
0.13801828 -0.18533120 1.68800008 1.000000
0.13728918 -0.17975506 1.67900014 1.000000
0.14437120 -0.21096894 1.70900011 1.000000
0.14361869 -0.20521607 1.70000005 1.000000
0.14362633 -0.20057347 1.70000005 1.000000
0.14447875 -0.19708276 1.71000004 1.000000
0.14431717 -0.19218646 1.70800006 1.000000
0.14407091 -0.18719064 1.70500004 1.000000
0.14365548 -0.18199643 1.70000005 1.000000
0.15278484 -0.22105187 1.75200009 1.000000
0.15008971 -0.21244222 1.72100008 1.000000
0.14913844 -0.20641533 1.71000004 1.000000
0.14897192 -0.20150964 1.70800006 1.000000
0.14924136 -0.19719042 1.71100008 1.000000
0.14907452 -0.19229156 1.70900011 1.000000
0.14890751 -0.18740295 1.70700014 1.000000
0.14874032 -0.18252459 1.70500004 1.000000
0.15049231 -0.17995159 1.72500002 1.000000
0.15909368 -0.22801660 1.76900005 1.000000
0.16000193 -0.22444977 1.77900004 1.000000
0.15569338 -0.21366829 1.73100007 1.000000
0.15534198 -0.20845924 1.72700012 1.000000
0.15499038 -0.20327133 1.72300005 1.000000
0.15311709 -0.19149631 1.70200002 1.000000
0.15420434 -0.18816392 1.71400011 1.000000
0.15466174 -0.18401597 1.71900010 1.000000
0.16270491 -0.23591544 1.75600004 1.000000
0.16262159 -0.23099247 1.75500011 1.000000
0.16337211 -0.22723420 1.76300013 1.000000
0.16282515 -0.22166525 1.75700009 1.000000
0.16162923 -0.21526431 1.74400008 1.000000
0.16043304 -0.20893364 1.73100007 1.000000
0.16294405 -0.20739205 1.75800014 1.000000
0.15730625 -0.19092596 1.69700003 1.000000
0.15796298 -0.18705843 1.70400012 1.000000
0.15861963 -0.18315205 1.71100008 1.000000
0.15946157 -0.17941535 1.72000003 1.000000
0.16913405 -0.23335217 1.77300012 1.000000
0.16572738 -0.21439147 1.73700011 1.000000
0.16592707 -0.20989057 1.73900008 1.000000
0.16498157 -0.20396243 1.72900009 1.000000
0.17128815 -0.20684606 1.79500008 1.000000
0.16642986 -0.19620559 1.74400008 1.000000
0.16223900 -0.18661149 1.70000005 1.000000
0.16205597 -0.18175277 1.69800007 1.000000
0.16206369 -0.17711300 1.69800007 1.000000
0.16880526 -0.21228425 1.72000003 1.000000
0.16881424 -0.20758852 1.72000003 1.000000
0.17088431 -0.20536928 1.74100006 1.000000
0.17010783 -0.19969299 1.73300004 1.000000
0.17011638 -0.19495969 1.73300004 1.000000
0.16570723 -0.18528624 1.68800008 1.000000
0.16532256 -0.18024643 1.68400013 1.000000
0.16444679 -0.17470632 1.67500007 1.000000
0.16327623 -0.16891010 1.66300011 1.000000
0.17331201 -0.20733815 1.71800005 1.000000
0.17453167 -0.20406280 1.73000014 1.000000
0.17555831 -0.19573857 1.74000013 1.000000
0.17223722 -0.18736352 1.70700014 1.000000
0.17032832 -0.18066654 1.68800008 1.000000
0.16942815 -0.17511572 1.67900014 1.000000
0.18041609 -0.19584221 1.74100006 1.000000
0.17845592 -0.18900140 1.72200012 1.000000
